snapshot_date,ticker,holding_name,target_weight,quantity,currency,price_native,fx_to_usd,price_usd,price_date,market_value_usd,cost_basis_usd,pnl_usd,return_pct,source,updated_at_utc
2026-05-22,000660.KS,SK Hynix,8.0,0.0625538166478737,KRW,1940000.0,0.0006591827325023,1278.8145010545154,2026-05-21,79.99472782560626,80.0,-0.0052721743937382,-0.0065902179921728,yfinance,2026-05-22T18:15:25Z
2026-05-22,AVGO,Broadcom,10.0,0.2417444256507892,USD,412.7999877929687,1.0,412.7999877929687,2026-05-22,99.79209595766405,100.0,-0.2079040423359544,-0.2079040423359544,yfinance,2026-05-22T18:15:25Z
2026-05-22,CASH,Cash,10.0,100.0,USD,1.0,1.0,1.0,2026-05-22,100.0,100.0,0.0,0.0,cash,2026-05-22T18:15:25Z
2026-05-22,CEG,Constellation Energy,5.0,0.1687260186663456,USD,293.95001220703125,1.0,293.95001220703125,2026-05-22,49.59701524661609,50.0,-0.4029847533839117,-0.8059695067678235,yfinance,2026-05-22T18:15:25Z
2026-05-22,GOOGL,Alphabet,15.0,0.3891454452478011,USD,384.5700073242187,1.0,384.5700073242187,2026-05-22,149.65366672913325,150.0,-0.3463332708667508,-0.2308888472445005,yfinance,2026-05-22T18:15:25Z
2026-05-22,MCO,Moody's,2.0,0.0444681598313336,USD,450.4800109863281,1.0,450.4800109863281,2026-05-22,20.032017129360984,20.0,0.0320171293609838,0.1600856468049194,yfinance,2026-05-22T18:15:25Z
2026-05-22,MSCI,MSCI,2.0,0.0339052007771873,USD,590.02001953125,1.0,590.02001953125,2026-05-22,20.004747224767023,20.0,0.0047472247670228,0.0237361238351141,yfinance,2026-05-22T18:15:25Z
2026-05-22,MSFT,Microsoft,18.0,0.4293689203419845,USD,417.93499755859375,1.0,417.93499755859375,2026-05-22,179.4482986748633,180.0,-0.5517013251366905,-0.3065007361870502,yfinance,2026-05-22T18:15:25Z
2026-05-22,NVDA,NVIDIA,7.0,0.323166358553396,USD,216.2350006103516,1.0,216.2350006103516,2026-05-22,69.87987773903869,70.0,-0.1201222609613097,-0.1716032299447282,yfinance,2026-05-22T18:15:25Z
2026-05-22,SPGI,S&P Global,2.0,0.047848035759865,USD,419.2449951171875,1.0,419.2449951171875,2026-05-22,20.06004951851162,20.0,0.0600495185116187,0.3002475925580938,yfinance,2026-05-22T18:15:25Z
2026-05-22,TER,Teradyne,7.0,0.1958589848780872,USD,357.760009765625,1.0,357.760009765625,2026-05-22,70.07051234266989,70.0,0.0705123426698861,0.1007319180998373,yfinance,2026-05-22T18:15:25Z
2026-05-22,TSM,TSMC,7.0,0.1719669363096472,USD,406.4150085449219,1.0,406.4150085449219,2026-05-22,69.88994388972932,70.0,-0.1100561102706763,-0.1572230146723947,yfinance,2026-05-22T18:15:25Z
2026-05-22,VEEV,Veeva Systems,2.0,0.1251407776463619,USD,159.82000732421875,1.0,159.82000732421875,2026-05-22,20.0,20.0,0.0,0.0,yfinance,2026-05-22T18:15:25Z
2026-05-22,VRT,Vertiv,5.0,0.1522672617580549,USD,329.54998779296875,1.0,329.54998779296875,2026-05-22,50.179674253635774,50.0,0.179674253635774,0.3593485072715481,yfinance,2026-05-22T18:15:25Z
2026-05-23,000660.KS,SK Hynix,8.0,0.0625538166478737,KRW,1941000.0,0.0006576654066229,1276.5285542552283,2026-05-22,79.85173312865687,80.0,-0.1482668713431252,-0.1853335891789065,yfinance,2026-05-23T19:51:24Z
2026-05-23,AVGO,Broadcom,10.0,0.2417444256507892,USD,414.1400146484375,1.0,414.1400146484375,2026-05-22,100.11603998019596,100.0,0.1160399801959641,0.1160399801959641,yfinance,2026-05-23T19:51:24Z
2026-05-23,CASH,Cash,10.0,100.0,USD,1.0,1.0,1.0,2026-05-23,100.0,100.0,0.0,0.0,cash,2026-05-23T19:51:24Z
2026-05-23,CEG,Constellation Energy,5.0,0.1687260186663456,USD,294.07000732421875,1.0,294.07000732421875,2026-05-22,49.61726154499853,50.0,-0.3827384550014656,-0.7654769100029313,yfinance,2026-05-23T19:51:24Z
2026-05-23,GOOGL,Alphabet,15.0,0.3891454452478011,USD,382.9700012207031,1.0,382.9700012207031,2026-05-22,149.03103164158148,150.0,-0.9689683584185218,-0.6459789056123478,yfinance,2026-05-23T19:51:24Z
2026-05-23,MCO,Moody's,2.0,0.0444681598313336,USD,449.1199951171875,1.0,449.1199951171875,2026-05-22,19.971539726318888,20.0,-0.0284602736811123,-0.1423013684055618,yfinance,2026-05-23T19:51:24Z
2026-05-23,MSCI,MSCI,2.0,0.0339052007771873,USD,588.5499877929688,1.0,588.5499877929688,2026-05-22,19.95490550353176,20.0,-0.0450944964682413,-0.2254724823412068,yfinance,2026-05-23T19:51:24Z
2026-05-23,MSFT,Microsoft,18.0,0.4293689203419845,USD,418.5700073242188,1.0,418.5700073242188,2026-05-22,179.72095213233635,180.0,-0.2790478676636496,-0.155026593146472,yfinance,2026-05-23T19:51:24Z
2026-05-23,NVDA,NVIDIA,7.0,0.323166358553396,USD,215.3300018310547,1.0,215.3300018310547,2026-05-22,69.58741257903804,70.0,-0.4125874209619553,-0.5894106013742219,yfinance,2026-05-23T19:51:24Z
2026-05-23,SPGI,S&P Global,2.0,0.047848035759865,USD,417.6000061035156,1.0,417.6000061035156,2026-05-22,19.98134002536086,20.0,-0.0186599746391387,-0.0932998731956935,yfinance,2026-05-23T19:51:24Z
2026-05-23,TER,Teradyne,7.0,0.1958589848780872,USD,358.44000244140625,1.0,358.44000244140625,2026-05-22,70.20369501787293,70.0,0.2036950178729313,0.2909928826756162,yfinance,2026-05-23T19:51:24Z
2026-05-23,TSM,TSMC,7.0,0.1719669363096472,USD,404.5199890136719,1.0,404.5199890136719,2026-05-22,69.56406318669332,70.0,-0.4359368133066823,-0.6227668761524033,yfinance,2026-05-23T19:51:24Z
2026-05-23,VEEV,Veeva Systems,2.0,0.1251407776463619,USD,160.1699981689453,1.0,160.1699981689453,2026-05-22,20.04379812647819,20.0,0.0437981264781903,0.2189906323909518,yfinance,2026-05-23T19:51:24Z
2026-05-23,VRT,Vertiv,5.0,0.1522672617580549,USD,327.4599914550781,1.0,327.4599914550781,2026-05-22,49.86143623418081,50.0,-0.1385637658191925,-0.277127531638385,yfinance,2026-05-23T19:51:24Z
2026-05-24,000660.KS,SK Hynix,8.0,0.0625538166478737,KRW,1941000.0,0.0006576654066229,1276.5285542552283,2026-05-22,79.85173312865687,80.0,-0.1482668713431252,-0.1853335891789065,yfinance,2026-05-24T14:32:57Z
2026-05-24,AVGO,Broadcom,10.0,0.2417444256507892,USD,414.1400146484375,1.0,414.1400146484375,2026-05-22,100.11603998019596,100.0,0.1160399801959641,0.1160399801959641,yfinance,2026-05-24T14:32:57Z
2026-05-24,CASH,Cash,10.0,100.0,USD,1.0,1.0,1.0,2026-05-24,100.0,100.0,0.0,0.0,cash,2026-05-24T14:32:57Z
2026-05-24,CEG,Constellation Energy,5.0,0.1687260186663456,USD,294.07000732421875,1.0,294.07000732421875,2026-05-22,49.61726154499853,50.0,-0.3827384550014656,-0.7654769100029313,yfinance,2026-05-24T14:32:57Z
2026-05-24,GOOGL,Alphabet,15.0,0.3891454452478011,USD,382.9700012207031,1.0,382.9700012207031,2026-05-22,149.03103164158148,150.0,-0.9689683584185218,-0.6459789056123478,yfinance,2026-05-24T14:32:57Z
2026-05-24,MCO,Moody's,2.0,0.0444681598313336,USD,449.1199951171875,1.0,449.1199951171875,2026-05-22,19.971539726318888,20.0,-0.0284602736811123,-0.1423013684055618,yfinance,2026-05-24T14:32:57Z
2026-05-24,MSCI,MSCI,2.0,0.0339052007771873,USD,588.5499877929688,1.0,588.5499877929688,2026-05-22,19.95490550353176,20.0,-0.0450944964682413,-0.2254724823412068,yfinance,2026-05-24T14:32:57Z
2026-05-24,MSFT,Microsoft,18.0,0.4293689203419845,USD,418.5700073242188,1.0,418.5700073242188,2026-05-22,179.72095213233635,180.0,-0.2790478676636496,-0.155026593146472,yfinance,2026-05-24T14:32:57Z
2026-05-24,NVDA,NVIDIA,7.0,0.323166358553396,USD,215.3300018310547,1.0,215.3300018310547,2026-05-22,69.58741257903804,70.0,-0.4125874209619553,-0.5894106013742219,yfinance,2026-05-24T14:32:57Z
2026-05-24,SPGI,S&P Global,2.0,0.047848035759865,USD,417.6000061035156,1.0,417.6000061035156,2026-05-22,19.98134002536086,20.0,-0.0186599746391387,-0.0932998731956935,yfinance,2026-05-24T14:32:57Z
2026-05-24,TER,Teradyne,7.0,0.1958589848780872,USD,358.44000244140625,1.0,358.44000244140625,2026-05-22,70.20369501787293,70.0,0.2036950178729313,0.2909928826756162,yfinance,2026-05-24T14:32:57Z
2026-05-24,TSM,TSMC,7.0,0.1719669363096472,USD,404.5199890136719,1.0,404.5199890136719,2026-05-22,69.56406318669332,70.0,-0.4359368133066823,-0.6227668761524033,yfinance,2026-05-24T14:32:57Z
2026-05-24,VEEV,Veeva Systems,2.0,0.1251407776463619,USD,160.1699981689453,1.0,160.1699981689453,2026-05-22,20.04379812647819,20.0,0.0437981264781903,0.2189906323909518,yfinance,2026-05-24T14:32:57Z
2026-05-24,VRT,Vertiv,5.0,0.1522672617580549,USD,327.4599914550781,1.0,327.4599914550781,2026-05-22,49.86143623418081,50.0,-0.1385637658191925,-0.277127531638385,yfinance,2026-05-24T14:32:57Z
2026-05-25,000660.KS,SK Hynix,8.0,0.0625538166478737,KRW,1941000.0,0.0006612007298713,1283.3906166802574,2026-05-22,80.28098132341839,80.0,0.2809813234183878,0.3512266542729847,yfinance,2026-05-25T15:05:13Z
2026-05-25,AVGO,Broadcom,10.0,0.2417444256507892,USD,414.1400146484375,1.0,414.1400146484375,2026-05-22,100.11603998019596,100.0,0.1160399801959641,0.1160399801959641,yfinance,2026-05-25T15:05:13Z
2026-05-25,CASH,Cash,10.0,100.0,USD,1.0,1.0,1.0,2026-05-25,100.0,100.0,0.0,0.0,cash,2026-05-25T15:05:13Z
2026-05-25,CEG,Constellation Energy,5.0,0.1687260186663456,USD,294.07000732421875,1.0,294.07000732421875,2026-05-22,49.61726154499853,50.0,-0.3827384550014656,-0.7654769100029313,yfinance,2026-05-25T15:05:13Z
2026-05-25,GOOGL,Alphabet,15.0,0.3891454452478011,USD,382.9700012207031,1.0,382.9700012207031,2026-05-22,149.03103164158148,150.0,-0.9689683584185218,-0.6459789056123478,yfinance,2026-05-25T15:05:13Z
2026-05-25,MCO,Moody's,2.0,0.0444681598313336,USD,449.1199951171875,1.0,449.1199951171875,2026-05-22,19.971539726318888,20.0,-0.0284602736811123,-0.1423013684055618,yfinance,2026-05-25T15:05:13Z
2026-05-25,MSCI,MSCI,2.0,0.0339052007771873,USD,588.5499877929688,1.0,588.5499877929688,2026-05-22,19.95490550353176,20.0,-0.0450944964682413,-0.2254724823412068,yfinance,2026-05-25T15:05:13Z
2026-05-25,MSFT,Microsoft,18.0,0.4293689203419845,USD,418.5700073242188,1.0,418.5700073242188,2026-05-22,179.72095213233635,180.0,-0.2790478676636496,-0.155026593146472,yfinance,2026-05-25T15:05:13Z
2026-05-25,NVDA,NVIDIA,7.0,0.323166358553396,USD,215.3300018310547,1.0,215.3300018310547,2026-05-22,69.58741257903804,70.0,-0.4125874209619553,-0.5894106013742219,yfinance,2026-05-25T15:05:13Z
2026-05-25,SPGI,S&P Global,2.0,0.047848035759865,USD,417.6000061035156,1.0,417.6000061035156,2026-05-22,19.98134002536086,20.0,-0.0186599746391387,-0.0932998731956935,yfinance,2026-05-25T15:05:13Z
2026-05-25,TER,Teradyne,7.0,0.1958589848780872,USD,358.44000244140625,1.0,358.44000244140625,2026-05-22,70.20369501787293,70.0,0.2036950178729313,0.2909928826756162,yfinance,2026-05-25T15:05:13Z
2026-05-25,TSM,TSMC,7.0,0.1719669363096472,USD,404.5199890136719,1.0,404.5199890136719,2026-05-22,69.56406318669332,70.0,-0.4359368133066823,-0.6227668761524033,yfinance,2026-05-25T15:05:13Z
2026-05-25,VEEV,Veeva Systems,2.0,0.1251407776463619,USD,160.1699981689453,1.0,160.1699981689453,2026-05-22,20.04379812647819,20.0,0.0437981264781903,0.2189906323909518,yfinance,2026-05-25T15:05:13Z
2026-05-25,VRT,Vertiv,5.0,0.1522672617580549,USD,327.4599914550781,1.0,327.4599914550781,2026-05-22,49.86143623418081,50.0,-0.1385637658191925,-0.277127531638385,yfinance,2026-05-25T15:05:13Z
2026-05-26,000660.KS,SK Hynix,8.0,0.0625538166478737,KRW,1941000.0,0.0006645048088587,1289.8038339948234,2026-05-22,80.68215254343673,80.0,0.6821525434367288,0.852690679295911,yfinance,2026-05-26T15:05:24Z
2026-05-26,AVGO,Broadcom,10.0,0.2417444256507892,USD,429.0499877929688,1.0,429.0499877929688,2026-05-26,103.72044287448936,100.0,3.7204428744893647,3.720442874489364,yfinance,2026-05-26T15:05:24Z
2026-05-26,CASH,Cash,10.0,100.0,USD,1.0,1.0,1.0,2026-05-26,100.0,100.0,0.0,0.0,cash,2026-05-26T15:05:24Z
2026-05-26,CEG,Constellation Energy,5.0,0.1687260186663456,USD,307.0899963378906,1.0,307.0899963378906,2026-05-26,51.81407245435495,50.0,1.8140724543549496,3.628144908709898,yfinance,2026-05-26T15:05:24Z
2026-05-26,GOOGL,Alphabet,15.0,0.3891454452478011,USD,388.0899963378906,1.0,388.0899963378906,2026-05-26,151.02345442112596,150.0,1.0234544211259615,0.6823029474173078,yfinance,2026-05-26T15:05:24Z
2026-05-26,MCO,Moody's,2.0,0.0444681598313336,USD,449.5799865722656,1.0,449.5799865722656,2026-05-26,19.99199469986435,20.0,-0.0080053001356503,-0.0400265006782518,yfinance,2026-05-26T15:05:24Z
2026-05-26,MSCI,MSCI,2.0,0.0339052007771873,USD,585.1724853515625,1.0,585.1724853515625,2026-05-26,19.84039060513044,20.0,-0.1596093948695589,-0.7980469743477946,yfinance,2026-05-26T15:05:24Z
2026-05-26,MSFT,Microsoft,18.0,0.4293689203419845,USD,414.3800048828125,1.0,414.3800048828125,2026-05-26,177.92189530783946,180.0,-2.0781046921605366,-1.1545026067558537,yfinance,2026-05-26T15:05:24Z
2026-05-26,NVDA,NVIDIA,7.0,0.323166358553396,USD,214.80909729003903,1.0,214.80909729003903,2026-05-26,69.4190737553641,70.0,-0.5809262446359043,-0.829894635194149,yfinance,2026-05-26T15:05:24Z
2026-05-26,SPGI,S&P Global,2.0,0.047848035759865,USD,410.4400024414063,1.0,410.4400024414063,2026-05-26,19.63874791409549,20.0,-0.3612520859045141,-1.8062604295225704,yfinance,2026-05-26T15:05:24Z
2026-05-26,TER,Teradyne,7.0,0.1958589848780872,USD,384.1499938964844,1.0,384.1499938964844,2026-05-26,75.23922784548883,70.0,5.239227845488827,7.484611207841181,yfinance,2026-05-26T15:05:24Z
2026-05-26,TSM,TSMC,7.0,0.1719669363096472,USD,412.5299987792969,1.0,412.5299987792969,2026-05-26,70.9415200258982,70.0,0.9415200258981996,1.3450286084259997,yfinance,2026-05-26T15:05:24Z
2026-05-26,VEEV,Veeva Systems,2.0,0.1251407776463619,USD,158.7899932861328,1.0,158.7899932861328,2026-05-26,19.87110324228726,20.0,-0.1288967577127415,-0.6444837885637078,yfinance,2026-05-26T15:05:24Z
2026-05-26,VRT,Vertiv,5.0,0.1522672617580549,USD,337.1650085449219,1.0,337.1650085449219,2026-05-26,51.33919261176644,50.0,1.3391926117664426,2.678385223532885,yfinance,2026-05-26T15:05:24Z
2026-05-27,000660.KS,SK Hynix,8.0,0.0625538166478737,KRW,2052000.0,0.0006682839159185,1371.318595464953,2026-05-26,85.78121198653437,80.0,5.781211986534373,7.226514983167967,yfinance,2026-05-27T15:07:49Z
2026-05-27,AVGO,Broadcom,10.0,0.2417444256507892,USD,418.5249938964844,1.0,418.5249938964844,2026-05-27,101.17608427000567,100.0,1.1760842700056884,1.1760842700056884,yfinance,2026-05-27T15:07:49Z
2026-05-27,CASH,Cash,10.0,100.0,USD,1.0,1.0,1.0,2026-05-27,100.0,100.0,0.0,0.0,cash,2026-05-27T15:07:49Z
2026-05-27,CEG,Constellation Energy,5.0,0.1687260186663456,USD,288.875,1.0,288.875,2026-05-27,48.7407286422406,50.0,-1.2592713577594026,-2.518542715518805,yfinance,2026-05-27T15:07:49Z
2026-05-27,GOOGL,Alphabet,15.0,0.3891454452478011,USD,391.5799865722656,1.0,391.5799865722656,2026-05-27,152.3815682247923,150.0,2.3815682247922894,1.587712149861526,yfinance,2026-05-27T15:07:49Z
2026-05-27,MCO,Moody's,2.0,0.0444681598313336,USD,451.0050048828125,1.0,451.0050048828125,2026-05-27,20.055362641860324,20.0,0.0553626418603236,0.2768132093016184,yfinance,2026-05-27T15:07:49Z
2026-05-27,MSCI,MSCI,2.0,0.0339052007771873,USD,602.3400268554688,1.0,602.3400268554688,2026-05-27,20.42245954667108,20.0,0.4224595466710781,2.1122977333553905,yfinance,2026-05-27T15:07:49Z
2026-05-27,MSFT,Microsoft,18.0,0.4293689203419845,USD,414.3599853515625,1.0,414.3599853515625,2026-05-27,177.9132995433209,180.0,-2.0867004566790968,-1.159278031488387,yfinance,2026-05-27T15:07:49Z
2026-05-27,NVDA,NVIDIA,7.0,0.323166358553396,USD,209.2799072265625,1.0,209.2799072265625,2026-05-27,67.63222553680076,70.0,-2.36777446319924,-3.382534947427485,yfinance,2026-05-27T15:07:49Z
2026-05-27,SPGI,S&P Global,2.0,0.047848035759865,USD,414.1199951171875,1.0,414.1199951171875,2026-05-27,19.81482833524231,20.0,-0.1851716647576893,-0.9258583237884468,yfinance,2026-05-27T15:07:49Z
2026-05-27,TER,Teradyne,7.0,0.1958589848780872,USD,367.4450073242188,1.0,367.4450073242188,2026-05-27,71.96740613304281,70.0,1.9674061330428143,2.810580190061164,yfinance,2026-05-27T15:07:49Z
2026-05-27,TSM,TSMC,7.0,0.1719669363096472,USD,418.0,1.0,418.0,2026-05-27,71.88217937743255,70.0,1.88217937743255,2.6888276820465,yfinance,2026-05-27T15:07:49Z
2026-05-27,VEEV,Veeva Systems,2.0,0.1251407776463619,USD,161.69000244140625,1.0,161.69000244140625,2026-05-27,20.234012643159744,20.0,0.234012643159744,1.17006321579872,yfinance,2026-05-27T15:07:49Z
2026-05-27,VRT,Vertiv,5.0,0.1522672617580549,USD,317.8399963378906,1.0,317.8399963378906,2026-05-27,48.396625919560805,50.0,-1.6033740804391954,-3.2067481608783908,yfinance,2026-05-27T15:07:49Z
2026-05-28,000660.KS,SK Hynix,8.0,0.0625538166478737,KRW,2242625.0,0.000669048463953,1500.4248114728089,2026-05-27,93.85729855079056,80.0,13.85729855079056,17.3216231884882,yfinance,2026-05-28T15:11:08Z
2026-05-28,AVGO,Broadcom,10.0,0.2417444256507892,USD,423.0199890136719,1.0,423.0199890136719,2026-05-28,102.26272428291328,100.0,2.2627242829132825,2.2627242829132825,yfinance,2026-05-28T15:11:08Z
2026-05-28,CASH,Cash,10.0,100.0,USD,1.0,1.0,1.0,2026-05-28,100.0,100.0,0.0,0.0,cash,2026-05-28T15:11:08Z
2026-05-28,CEG,Constellation Energy,5.0,0.1687260186663456,USD,285.5299987792969,1.0,285.5299987792969,2026-05-28,48.176339903837295,50.0,-1.8236600961627047,-3.6473201923254095,yfinance,2026-05-28T15:11:08Z
2026-05-28,GOOGL,Alphabet,15.0,0.3891454452478011,USD,390.05999755859375,1.0,390.05999755859375,2026-05-28,151.7900714232952,150.0,1.7900714232951884,1.193380948863459,yfinance,2026-05-28T15:11:08Z
2026-05-28,MCO,Moody's,2.0,0.0444681598313336,USD,452.1799926757813,1.0,452.1799926757813,2026-05-28,20.10761218683793,20.0,0.107612186837926,0.5380609341896303,yfinance,2026-05-28T15:11:08Z
2026-05-28,MSCI,MSCI,2.0,0.0339052007771873,USD,606.3099975585938,1.0,606.3099975585938,2026-05-28,20.55706220044008,20.0,0.5570622004400825,2.7853110022004124,yfinance,2026-05-28T15:11:08Z
2026-05-28,MSFT,Microsoft,18.0,0.4293689203419845,USD,423.8299865722656,1.0,423.8299865722656,2026-05-28,181.97942374309147,180.0,1.9794237430914727,1.0996798572730409,yfinance,2026-05-28T15:11:08Z
2026-05-28,NVDA,NVIDIA,7.0,0.323166358553396,USD,212.42999267578125,1.0,212.42999267578125,2026-05-28,68.65022718055681,70.0,-1.3497728194431886,-1.9282468849188408,yfinance,2026-05-28T15:11:08Z
2026-05-28,SPGI,S&P Global,2.0,0.047848035759865,USD,419.4200134277344,1.0,419.4200134277344,2026-05-28,20.068423800893296,20.0,0.0684238008932958,0.342119004466479,yfinance,2026-05-28T15:11:08Z
2026-05-28,TER,Teradyne,7.0,0.1958589848780872,USD,380.3250122070313,1.0,380.3250122070313,2026-05-28,74.49007081461528,70.0,4.49007081461528,6.414386878021827,yfinance,2026-05-28T15:11:08Z
2026-05-28,TSM,TSMC,7.0,0.1719669363096472,USD,422.4100036621094,1.0,422.4100036621094,2026-05-28,72.64055419631983,70.0,2.640554196319826,3.772220280456894,yfinance,2026-05-28T15:11:08Z
2026-05-28,VEEV,Veeva Systems,2.0,0.1251407776463619,USD,163.31500244140625,1.0,163.31500244140625,2026-05-28,20.43736640683508,20.0,0.437366406835082,2.18683203417541,yfinance,2026-05-28T15:11:08Z
2026-05-28,VRT,Vertiv,5.0,0.1522672617580549,USD,312.5350036621094,1.0,312.5350036621094,2026-05-28,47.588849211173056,50.0,-2.4111507888269443,-4.822301577653889,yfinance,2026-05-28T15:11:08Z
2026-05-29,000660.KS,SK Hynix,8.0,0.0625538166478737,KRW,2289000.0,0.0006652562994907,1522.771669534258,2026-05-28,95.25517981262252,80.0,15.255179812622517,19.068974765778144,yfinance,2026-05-29T15:08:25Z
2026-05-29,AVGO,Broadcom,10.0,0.2417444256507892,USD,440.9498901367188,1.0,440.9498901367188,2026-05-29,106.59717793187968,100.0,6.597177931879685,6.597177931879685,yfinance,2026-05-29T15:08:25Z
2026-05-29,CASH,Cash,10.0,100.0,USD,1.0,1.0,1.0,2026-05-29,100.0,100.0,0.0,0.0,cash,2026-05-29T15:08:25Z
2026-05-29,CEG,Constellation Energy,5.0,0.1687260186663456,USD,287.75,1.0,287.75,2026-05-29,48.55091187124096,50.0,-1.449088128759037,-2.898176257518074,yfinance,2026-05-29T15:08:25Z
2026-05-29,GOOGL,Alphabet,15.0,0.3891454452478011,USD,383.2799987792969,1.0,383.2799987792969,2026-05-29,149.15166577954616,150.0,-0.848334220453836,-0.565556146969224,yfinance,2026-05-29T15:08:25Z
2026-05-29,MCO,Moody's,2.0,0.0444681598313336,USD,454.9299926757813,1.0,454.9299926757813,2026-05-29,20.22989962637409,20.0,0.2298996263740917,1.149498131870459,yfinance,2026-05-29T15:08:25Z
2026-05-29,MSCI,MSCI,2.0,0.0339052007771873,USD,634.719970703125,1.0,634.719970703125,2026-05-29,21.52030804397992,20.0,1.520308043979913,7.601540219899565,yfinance,2026-05-29T15:08:25Z
2026-05-29,MSFT,Microsoft,18.0,0.4293689203419845,USD,444.75,1.0,444.75,2026-05-29,190.9618273220976,180.0,10.961827322097603,6.089904067832003,yfinance,2026-05-29T15:08:25Z
2026-05-29,NVDA,NVIDIA,7.0,0.323166358553396,USD,215.8800048828125,1.0,215.8800048828125,2026-05-29,69.76515506246787,70.0,-0.2348449375321308,-0.3354927679030441,yfinance,2026-05-29T15:08:25Z
2026-05-29,SPGI,S&P Global,2.0,0.047848035759865,USD,423.322509765625,1.0,423.322509765625,2026-05-29,20.25515058522143,20.0,0.2551505852214291,1.2757529261071454,yfinance,2026-05-29T15:08:25Z
2026-05-29,TER,Teradyne,7.0,0.1958589848780872,USD,369.7999877929688,1.0,369.7999877929688,2026-05-29,72.42865021705991,70.0,2.4286502170599107,3.4695003100855866,yfinance,2026-05-29T15:08:25Z
2026-05-29,TSM,TSMC,7.0,0.1719669363096472,USD,420.760009765625,1.0,420.760009765625,2026-05-29,72.35680980101178,70.0,2.356809801011778,3.36687114430254,yfinance,2026-05-29T15:08:25Z
2026-05-29,VEEV,Veeva Systems,2.0,0.1251407776463619,USD,171.1699981689453,1.0,171.1699981689453,2026-05-29,21.42034668058817,20.0,1.420346680588171,7.101733402940854,yfinance,2026-05-29T15:08:25Z
2026-05-29,VRT,Vertiv,5.0,0.1522672617580549,USD,312.9800109863281,1.0,312.9800109863281,2026-05-29,47.656609257894125,50.0,-2.343390742105875,-4.68678148421175,yfinance,2026-05-29T15:08:25Z
2026-05-30,000660.KS,SK Hynix,8.0,0.0625538166478737,KRW,2333000.0,0.0006635127671535,1547.9752857693277,2026-05-29,96.83176220145444,80.0,16.83176220145444,21.039702751818048,yfinance,2026-05-30T14:34:04Z
2026-05-30,AVGO,Broadcom,10.0,0.2417444256507892,USD,446.7699890136719,1.0,446.7699890136719,2026-05-29,108.00415439211952,100.0,8.004154392119531,8.004154392119531,yfinance,2026-05-30T14:34:04Z
2026-05-30,CASH,Cash,10.0,100.0,USD,1.0,1.0,1.0,2026-05-30,100.0,100.0,0.0,0.0,cash,2026-05-30T14:34:04Z
2026-05-30,CEG,Constellation Energy,5.0,0.1687260186663456,USD,287.75,1.0,287.75,2026-05-29,48.55091187124096,50.0,-1.449088128759037,-2.898176257518074,yfinance,2026-05-30T14:34:04Z
2026-05-30,GOOGL,Alphabet,15.0,0.3891454452478011,USD,380.3399963378906,1.0,380.3399963378906,2026-05-29,148.00757722045552,150.0,-1.9924227795444835,-1.3282818530296556,yfinance,2026-05-30T14:34:04Z
2026-05-30,MCO,Moody's,2.0,0.0444681598313336,USD,453.25,1.0,453.25,2026-05-29,20.155193443551983,20.0,0.1551934435519832,0.7759672177599164,yfinance,2026-05-30T14:34:04Z
2026-05-30,MSCI,MSCI,2.0,0.0339052007771873,USD,631.3800048828125,1.0,631.3800048828125,2026-05-29,21.40706583225328,20.0,1.4070658322532772,7.035329161266386,yfinance,2026-05-30T14:34:04Z
2026-05-30,MSFT,Microsoft,18.0,0.4293689203419845,USD,450.239990234375,1.0,450.239990234375,2026-05-29,193.31905850171924,180.0,13.31905850171924,7.399476945399577,yfinance,2026-05-30T14:34:04Z
2026-05-30,NVDA,NVIDIA,7.0,0.323166358553396,USD,211.13999938964844,1.0,211.13999938964844,2026-05-29,68.23334474771895,70.0,-1.7666552522810548,-2.523793217544364,yfinance,2026-05-30T14:34:04Z
2026-05-30,SPGI,S&P Global,2.0,0.047848035759865,USD,424.0,1.0,424.0,2026-05-29,20.287567162182764,20.0,0.2875671621827642,1.4378358109138212,yfinance,2026-05-30T14:34:04Z
2026-05-30,TER,Teradyne,7.0,0.1958589848780872,USD,374.30999755859375,1.0,374.30999755859375,2026-05-29,73.31197615154548,70.0,3.31197615154548,4.731394502207828,yfinance,2026-05-30T14:34:04Z
2026-05-30,TSM,TSMC,7.0,0.1719669363096472,USD,418.4500122070313,1.0,418.4500122070313,2026-05-29,71.95956659797766,70.0,1.9595665979776555,2.7993808542537937,yfinance,2026-05-30T14:34:04Z
2026-05-30,VEEV,Veeva Systems,2.0,0.1251407776463619,USD,174.33999633789062,1.0,174.33999633789062,2026-05-29,21.81704271658753,20.0,1.8170427165875296,9.085213582937648,yfinance,2026-05-30T14:34:04Z
2026-05-30,VRT,Vertiv,5.0,0.1522672617580549,USD,315.7099914550781,1.0,315.7099914550781,2026-05-29,48.07229590852366,50.0,-1.927704091476344,-3.855408182952687,yfinance,2026-05-30T14:34:04Z
2026-05-31,000660.KS,SK Hynix,8.0,0.0625538166478737,KRW,2333000.0,0.0006635127671535,1547.9752857693277,2026-05-29,96.83176220145444,80.0,16.83176220145444,21.039702751818048,yfinance,2026-05-31T14:34:38Z
2026-05-31,AVGO,Broadcom,10.0,0.2417444256507892,USD,446.7699890136719,1.0,446.7699890136719,2026-05-29,108.00415439211952,100.0,8.004154392119531,8.004154392119531,yfinance,2026-05-31T14:34:38Z
2026-05-31,CASH,Cash,10.0,100.0,USD,1.0,1.0,1.0,2026-05-31,100.0,100.0,0.0,0.0,cash,2026-05-31T14:34:38Z
2026-05-31,CEG,Constellation Energy,5.0,0.1687260186663456,USD,287.75,1.0,287.75,2026-05-29,48.55091187124096,50.0,-1.449088128759037,-2.898176257518074,yfinance,2026-05-31T14:34:38Z
2026-05-31,GOOGL,Alphabet,15.0,0.3891454452478011,USD,380.3399963378906,1.0,380.3399963378906,2026-05-29,148.00757722045552,150.0,-1.9924227795444835,-1.3282818530296556,yfinance,2026-05-31T14:34:38Z
2026-05-31,MCO,Moody's,2.0,0.0444681598313336,USD,453.25,1.0,453.25,2026-05-29,20.155193443551983,20.0,0.1551934435519832,0.7759672177599164,yfinance,2026-05-31T14:34:38Z
2026-05-31,MSCI,MSCI,2.0,0.0339052007771873,USD,631.3800048828125,1.0,631.3800048828125,2026-05-29,21.40706583225328,20.0,1.4070658322532772,7.035329161266386,yfinance,2026-05-31T14:34:38Z
2026-05-31,MSFT,Microsoft,18.0,0.4293689203419845,USD,450.239990234375,1.0,450.239990234375,2026-05-29,193.31905850171924,180.0,13.31905850171924,7.399476945399577,yfinance,2026-05-31T14:34:38Z
2026-05-31,NVDA,NVIDIA,7.0,0.323166358553396,USD,211.13999938964844,1.0,211.13999938964844,2026-05-29,68.23334474771895,70.0,-1.7666552522810548,-2.523793217544364,yfinance,2026-05-31T14:34:38Z
2026-05-31,SPGI,S&P Global,2.0,0.047848035759865,USD,424.0,1.0,424.0,2026-05-29,20.287567162182764,20.0,0.2875671621827642,1.4378358109138212,yfinance,2026-05-31T14:34:38Z
2026-05-31,TER,Teradyne,7.0,0.1958589848780872,USD,374.30999755859375,1.0,374.30999755859375,2026-05-29,73.31197615154548,70.0,3.31197615154548,4.731394502207828,yfinance,2026-05-31T14:34:38Z
2026-05-31,TSM,TSMC,7.0,0.1719669363096472,USD,418.4500122070313,1.0,418.4500122070313,2026-05-29,71.95956659797766,70.0,1.9595665979776555,2.7993808542537937,yfinance,2026-05-31T14:34:38Z
2026-05-31,VEEV,Veeva Systems,2.0,0.1251407776463619,USD,174.33999633789062,1.0,174.33999633789062,2026-05-29,21.81704271658753,20.0,1.8170427165875296,9.085213582937648,yfinance,2026-05-31T14:34:38Z
2026-05-31,VRT,Vertiv,5.0,0.1522672617580549,USD,315.7099914550781,1.0,315.7099914550781,2026-05-29,48.07229590852366,50.0,-1.927704091476344,-3.855408182952687,yfinance,2026-05-31T14:34:38Z
2026-06-01,000660.KS,SK Hynix,8.0,0.0625538166478737,KRW,2333000.0,0.0006614325327109,1543.1220988145649,2026-05-29,96.52817683452834,80.0,16.528176834528338,20.660221043160423,yfinance,2026-06-01T16:04:09Z
2026-06-01,AVGO,Broadcom,10.0,0.2417444256507892,USD,460.239990234375,1.0,460.239990234375,2026-06-01,111.26045210073384,100.0,11.26045210073383,11.26045210073383,yfinance,2026-06-01T16:04:09Z
2026-06-01,CASH,Cash,10.0,100.0,USD,1.0,1.0,1.0,2026-06-01,100.0,100.0,0.0,0.0,cash,2026-06-01T16:04:09Z
2026-06-01,CEG,Constellation Energy,5.0,0.1687260186663456,USD,270.0799865722656,1.0,270.0799865722656,2026-06-01,45.56952085579847,50.0,-4.430479144201527,-8.860958288403054,yfinance,2026-06-01T16:04:09Z
2026-06-01,GOOGL,Alphabet,15.0,0.3891454452478011,USD,375.5498962402344,1.0,375.5498962402344,2026-06-01,146.14353158517153,150.0,-3.85646841482847,-2.57097894321898,yfinance,2026-06-01T16:04:09Z
2026-06-01,MCO,Moody's,2.0,0.0444681598313336,USD,458.989990234375,1.0,458.989990234375,2026-06-01,20.410440246724463,20.0,0.4104402467244625,2.0522012336223128,yfinance,2026-06-01T16:04:09Z
2026-06-01,MSCI,MSCI,2.0,0.0339052007771873,USD,633.177978515625,1.0,633.177978515625,2026-06-01,21.46802648926588,20.0,1.468026489265874,7.34013244632937,yfinance,2026-06-01T16:04:09Z
2026-06-01,MSFT,Microsoft,18.0,0.4293689203419845,USD,460.7900085449219,1.0,460.7900085449219,2026-06-01,197.8489084733069,180.0,17.84890847330692,9.916060262948289,yfinance,2026-06-01T16:04:09Z
2026-06-01,NVDA,NVIDIA,7.0,0.323166358553396,USD,220.33999633789065,1.0,220.33999633789065,2026-06-01,71.20647426018473,70.0,1.2064742601847342,1.7235346574067631,yfinance,2026-06-01T16:04:09Z
2026-06-01,SPGI,S&P Global,2.0,0.047848035759865,USD,425.2900085449219,1.0,425.2900085449219,2026-06-01,20.34929153717072,20.0,0.3492915371707177,1.7464576858535883,yfinance,2026-06-01T16:04:09Z
2026-06-01,TER,Teradyne,7.0,0.1958589848780872,USD,367.2000122070313,1.0,367.2000122070313,2026-06-01,71.91942163809038,70.0,1.919421638090384,2.742030911557692,yfinance,2026-06-01T16:04:09Z
2026-06-01,TSM,TSMC,7.0,0.1719669363096472,USD,440.1099853515625,1.0,440.1099853515625,2026-06-01,75.68436582019193,70.0,5.684365820191928,8.120522600274182,yfinance,2026-06-01T16:04:09Z
2026-06-01,VEEV,Veeva Systems,2.0,0.1251407776463619,USD,191.6699981689453,1.0,191.6699981689453,2026-06-01,23.985732622338592,20.0,3.985732622338592,19.92866311169296,yfinance,2026-06-01T16:04:09Z
2026-06-01,VRT,Vertiv,5.0,0.1522672617580549,USD,319.3999938964844,1.0,319.3999938964844,2026-06-01,48.63416247615713,50.0,-1.3658375238428704,-2.7316750476857408,yfinance,2026-06-01T16:04:09Z
2026-06-02,000660.KS,SK Hynix,8.0,0.0625538166478737,KRW,2363000.0,0.0006593000827827,1557.926095615574,2026-06-01,97.45422333607438,80.0,17.454223336074378,21.81777917009297,yfinance,2026-06-02T15:27:24Z
2026-06-02,AVGO,Broadcom,10.0,0.2417444256507892,USD,482.010009765625,1.0,482.010009765625,2026-06-02,116.52323296872233,100.0,16.523232968722326,16.523232968722326,yfinance,2026-06-02T15:27:24Z
2026-06-02,CASH,Cash,10.0,100.0,USD,1.0,1.0,1.0,2026-06-02,100.0,100.0,0.0,0.0,cash,2026-06-02T15:27:24Z
2026-06-02,CEG,Constellation Energy,5.0,0.1687260186663456,USD,272.6000061035156,1.0,272.6000061035156,2026-06-02,45.99471371826772,50.0,-4.005286281732282,-8.010572563464564,yfinance,2026-06-02T15:27:24Z
2026-06-02,GOOGL,Alphabet,15.0,0.3891454452478011,USD,369.6099853515625,1.0,369.6099853515625,2026-06-02,143.83204231766706,150.0,-6.16795768233294,-4.111971788221959,yfinance,2026-06-02T15:27:24Z
2026-06-02,MCO,Moody's,2.0,0.0444681598313336,USD,450.5899963378906,1.0,450.5899963378906,2026-06-02,20.03690797555337,20.0,0.036907975553369,0.184539877766845,yfinance,2026-06-02T15:27:24Z
2026-06-02,MSCI,MSCI,2.0,0.0339052007771873,USD,629.719970703125,1.0,629.719970703125,2026-06-02,21.35078204009398,20.0,1.3507820400939785,6.7539102004698925,yfinance,2026-06-02T15:27:24Z
2026-06-02,MSFT,Microsoft,18.0,0.4293689203419845,USD,443.2298889160156,1.0,443.2298889160156,2026-06-02,190.3091388671673,180.0,10.309138867167349,5.727299370648527,yfinance,2026-06-02T15:27:24Z
2026-06-02,NVDA,NVIDIA,7.0,0.323166358553396,USD,225.7700042724609,1.0,225.7700042724609,2026-06-02,72.96127015131587,70.0,2.961270151315873,4.230385930451246,yfinance,2026-06-02T15:27:24Z
2026-06-02,SPGI,S&P Global,2.0,0.047848035759865,USD,415.7101135253906,1.0,415.7101135253906,2026-06-02,19.890912377700435,20.0,-0.1090876222995653,-0.5454381114978268,yfinance,2026-06-02T15:27:24Z
2026-06-02,TER,Teradyne,7.0,0.1958589848780872,USD,390.7550048828125,1.0,390.7550048828125,2026-06-02,76.53287859237967,70.0,6.532878592379674,9.332683703399534,yfinance,2026-06-02T15:27:24Z
2026-06-02,TSM,TSMC,7.0,0.1719669363096472,USD,444.25,1.0,444.25,2026-06-02,76.39631145556079,70.0,6.396311455560792,9.137587793658271,yfinance,2026-06-02T15:27:24Z
2026-06-02,VEEV,Veeva Systems,2.0,0.1251407776463619,USD,180.13999938964844,1.0,180.13999938964844,2026-06-02,22.542859608835776,20.0,2.5428596088357764,12.714298044178882,yfinance,2026-06-02T15:27:24Z
2026-06-02,VRT,Vertiv,5.0,0.1522672617580549,USD,337.3599853515625,1.0,337.3599853515625,2026-06-02,51.36888119621994,50.0,1.368881196219938,2.737762392439876,yfinance,2026-06-02T15:27:24Z
2026-06-03,000660.KS,SK Hynix,8.0,0.0625538166478737,KRW,2360000.0,0.0006550160903519,1545.837973230535,2026-06-02,96.6980651447836,80.0,16.698065144783598,20.872581430979498,yfinance,2026-06-03T15:37:10Z
2026-06-03,AVGO,Broadcom,10.0,0.2417444256507892,USD,488.1499938964844,1.0,488.1499938964844,2026-06-03,118.00753990594188,100.0,18.007539905941883,18.007539905941883,yfinance,2026-06-03T15:37:10Z
2026-06-03,CASH,Cash,10.0,100.0,USD,1.0,1.0,1.0,2026-06-03,100.0,100.0,0.0,0.0,cash,2026-06-03T15:37:10Z
2026-06-03,CEG,Constellation Energy,5.0,0.1687260186663456,USD,268.9599914550781,1.0,268.9599914550781,2026-06-03,45.38054853874968,50.0,-4.619451461250321,-9.238902922500642,yfinance,2026-06-03T15:37:10Z
2026-06-03,GOOGL,Alphabet,15.0,0.3891454452478011,USD,359.2200012207031,1.0,359.2200012207031,2026-06-03,139.7888273169462,150.0,-10.211172683053803,-6.807448455369203,yfinance,2026-06-03T15:37:10Z
2026-06-03,MCO,Moody's,2.0,0.0444681598313336,USD,444.9450073242188,1.0,444.9450073242188,2026-06-03,19.785885701847285,20.0,-0.2141142981527153,-1.0705714907635766,yfinance,2026-06-03T15:37:10Z
2026-06-03,MSCI,MSCI,2.0,0.0339052007771873,USD,622.3400268554688,1.0,622.3400268554688,2026-06-03,21.100563562214823,20.0,1.100563562214823,5.502817811074117,yfinance,2026-06-03T15:37:10Z
2026-06-03,MSFT,Microsoft,18.0,0.4293689203419845,USD,426.9849853515625,1.0,426.9849853515625,2026-06-03,183.33408216263845,180.0,3.3340821626384525,1.8522678681324736,yfinance,2026-06-03T15:37:10Z
2026-06-03,NVDA,NVIDIA,7.0,0.323166358553396,USD,216.40499877929688,1.0,216.40499877929688,2026-06-03,69.93481542825748,70.0,-0.0651845717425203,-0.093120816775029,yfinance,2026-06-03T15:37:10Z
2026-06-03,SPGI,S&P Global,2.0,0.047848035759865,USD,408.1400146484375,1.0,408.1400146484375,2026-06-03,19.528698015930267,20.0,-0.4713019840697328,-2.356509920348664,yfinance,2026-06-03T15:37:10Z
2026-06-03,TER,Teradyne,7.0,0.1958589848780872,USD,409.2300109863281,1.0,409.2300109863281,2026-06-03,80.15137453343071,70.0,10.151374533430712,14.50196361918673,yfinance,2026-06-03T15:37:10Z
2026-06-03,TSM,TSMC,7.0,0.1719669363096472,USD,441.4049987792969,1.0,441.4049987792969,2026-06-03,75.90706531183926,70.0,5.907065311839261,8.438664731198944,yfinance,2026-06-03T15:37:10Z
2026-06-03,VEEV,Veeva Systems,2.0,0.1251407776463619,USD,176.83999633789062,1.0,176.83999633789062,2026-06-03,22.129894660703435,20.0,2.1298946607034352,10.649473303517176,yfinance,2026-06-03T15:37:10Z
2026-06-03,VRT,Vertiv,5.0,0.1522672617580549,USD,338.55499267578125,1.0,338.55499267578125,2026-06-03,51.55084168925955,50.0,1.5508416892595491,3.1016833785190983,yfinance,2026-06-03T15:37:10Z
2026-06-04,000660.KS,SK Hynix,8.0,0.0625538166478737,KRW,2360000.0,0.0006527755831333,1540.5503761946004,2026-06-02,96.3673057692899,80.0,16.3673057692899,20.45913221161237,yfinance,2026-06-04T15:04:58Z
2026-06-04,AVGO,Broadcom,10.0,0.2417444256507892,USD,407.010009765625,1.0,407.010009765625,2026-06-04,98.39240104491311,100.0,-1.6075989550868712,-1.607598955086871,yfinance,2026-06-04T15:04:58Z
2026-06-04,CASH,Cash,10.0,100.0,USD,1.0,1.0,1.0,2026-06-04,100.0,100.0,0.0,0.0,cash,2026-06-04T15:04:58Z
2026-06-04,CEG,Constellation Energy,5.0,0.1687260186663456,USD,261.7650146484375,1.0,261.7650146484375,2026-06-04,44.16656874776851,50.0,-5.833431252231492,-11.666862504462983,yfinance,2026-06-04T15:04:58Z
2026-06-04,GOOGL,Alphabet,15.0,0.3891454452478011,USD,369.0,1.0,369.0,2026-06-04,143.5946692964386,150.0,-6.40533070356139,-4.270220469040926,yfinance,2026-06-04T15:04:58Z
2026-06-04,MCO,Moody's,2.0,0.0444681598313336,USD,456.0150146484375,1.0,456.0150146484375,2026-06-04,20.27814855687468,20.0,0.2781485568746795,1.3907427843733975,yfinance,2026-06-04T15:04:58Z
2026-06-04,MSCI,MSCI,2.0,0.0339052007771873,USD,622.9349975585938,1.0,622.9349975585938,2026-06-04,21.12073616336082,20.0,1.1207361633608208,5.603680816804104,yfinance,2026-06-04T15:04:58Z
2026-06-04,MSFT,Microsoft,18.0,0.4293689203419845,USD,430.260009765625,1.0,430.260009765625,2026-06-04,184.7402758593981,180.0,4.740275859398111,2.633486588554506,yfinance,2026-06-04T15:04:58Z
2026-06-04,NVDA,NVIDIA,7.0,0.323166358553396,USD,215.48699951171875,1.0,215.48699951171875,2026-06-04,69.63814894779958,70.0,-0.3618510522004214,-0.5169300745720307,yfinance,2026-06-04T15:04:58Z
2026-06-04,SPGI,S&P Global,2.0,0.047848035759865,USD,425.0,1.0,425.0,2026-06-04,20.335415197942627,20.0,0.335415197942627,1.6770759897131349,yfinance,2026-06-04T15:04:58Z
2026-06-04,TER,Teradyne,7.0,0.1958589848780872,USD,402.3699951171875,1.0,402.3699951171875,2026-06-04,78.80777878905326,70.0,8.807778789053259,12.58254112721894,yfinance,2026-06-04T15:04:58Z
2026-06-04,TSM,TSMC,7.0,0.1719669363096472,USD,442.885009765625,1.0,442.885009765625,2026-06-04,76.16157826686273,70.0,6.161578266862733,8.80225466694676,yfinance,2026-06-04T15:04:58Z
2026-06-04,VEEV,Veeva Systems,2.0,0.1251407776463619,USD,180.3099975585937,1.0,180.3099975585937,2026-06-04,22.56413331189605,20.0,2.5641333118960503,12.820666559480252,yfinance,2026-06-04T15:04:58Z
2026-06-04,VRT,Vertiv,5.0,0.1522672617580549,USD,314.1300048828125,1.0,314.1300048828125,2026-06-04,47.83171567955028,50.0,-2.1682843204497217,-4.336568640899444,yfinance,2026-06-04T15:04:58Z
2026-06-05,000660.KS,SK Hynix,8.0,0.0625538166478737,KRW,2298000.0,0.0006436041834271,1479.0024135156875,2026-06-04,92.51724579682303,80.0,12.517245796823032,15.646557246028792,yfinance,2026-06-05T15:03:33Z
2026-06-05,AVGO,Broadcom,10.0,0.2417444256507892,USD,399.4050903320313,1.0,399.4050903320313,2026-06-05,96.55395416431848,100.0,-3.4460458356815167,-3.4460458356815167,yfinance,2026-06-05T15:03:33Z
2026-06-05,CASH,Cash,10.0,100.0,USD,1.0,1.0,1.0,2026-06-05,100.0,100.0,0.0,0.0,cash,2026-06-05T15:03:33Z
2026-06-05,CEG,Constellation Energy,5.0,0.1687260186663456,USD,258.9599914550781,1.0,258.9599914550781,2026-06-05,43.69328835208622,50.0,-6.30671164791378,-12.61342329582756,yfinance,2026-06-05T15:03:33Z
2026-06-05,GOOGL,Alphabet,15.0,0.3891454452478011,USD,369.3985900878906,1.0,369.3985900878906,2026-06-05,143.74977881366218,150.0,-6.250221186337825,-4.166814124225217,yfinance,2026-06-05T15:03:33Z
2026-06-05,MCO,Moody's,2.0,0.0444681598313336,USD,450.989990234375,1.0,450.989990234375,2026-06-05,20.0546949680738,20.0,0.0546949680737931,0.2734748403689657,yfinance,2026-06-05T15:03:33Z
2026-06-05,MSCI,MSCI,2.0,0.0339052007771873,USD,615.5399780273438,1.0,615.5399780273438,2026-06-05,20.870006541402567,20.0,0.8700065414025673,4.350032707012836,yfinance,2026-06-05T15:03:33Z
2026-06-05,MSFT,Microsoft,18.0,0.4293689203419845,USD,422.1799926757813,1.0,422.1799926757813,2026-06-05,181.2709676451871,180.0,1.2709676451871132,0.706093136215063,yfinance,2026-06-05T15:03:33Z
2026-06-05,NVDA,NVIDIA,7.0,0.323166358553396,USD,210.2601013183593,1.0,210.2601013183593,2026-06-05,67.9489912921223,70.0,-2.051008707877699,-2.9300124398252843,yfinance,2026-06-05T15:03:33Z
2026-06-05,SPGI,S&P Global,2.0,0.047848035759865,USD,422.9049987792969,1.0,422.9049987792969,2026-06-05,20.235173504617464,20.0,0.2351735046174639,1.1758675230873197,yfinance,2026-06-05T15:03:33Z
2026-06-05,TER,Teradyne,7.0,0.1958589848780872,USD,382.8699951171875,1.0,382.8699951171875,2026-06-05,74.98852858393056,70.0,4.98852858393056,7.126469405615085,yfinance,2026-06-05T15:03:33Z
2026-06-05,TSM,TSMC,7.0,0.1719669363096472,USD,428.4299926757813,1.0,428.4299926757813,2026-06-05,73.6757932636187,70.0,3.6757932636187007,5.251133233741001,yfinance,2026-06-05T15:03:33Z
2026-06-05,VEEV,Veeva Systems,2.0,0.1251407776463619,USD,174.1699981689453,1.0,174.1699981689453,2026-06-05,21.795769013527256,20.0,1.7957690135272557,8.978845067636279,yfinance,2026-06-05T15:03:33Z
2026-06-05,VRT,Vertiv,5.0,0.1522672617580549,USD,312.6849975585937,1.0,312.6849975585937,2026-06-05,47.61168837107115,50.0,-2.388311628928846,-4.776623257857693,yfinance,2026-06-05T15:03:33Z
2026-06-06,000660.KS,SK Hynix,8.0,0.0625538166478737,KRW,2070000.0,0.0006415026698868,1327.9105266657043,2026-06-05,83.06587160982788,80.0,3.06587160982788,3.83233951228485,yfinance,2026-06-06T14:34:00Z
2026-06-06,AVGO,Broadcom,10.0,0.2417444256507892,USD,385.7300109863281,1.0,385.7300109863281,2026-06-05,93.24807996216252,100.0,-6.751920037837479,-6.751920037837479,yfinance,2026-06-06T14:34:00Z
2026-06-06,CASH,Cash,10.0,100.0,USD,1.0,1.0,1.0,2026-06-06,100.0,100.0,0.0,0.0,cash,2026-06-06T14:34:00Z
2026-06-06,CEG,Constellation Energy,5.0,0.1687260186663456,USD,254.8300018310547,1.0,254.8300018310547,2026-06-05,42.99645164569143,50.0,-7.00354835430857,-14.00709670861714,yfinance,2026-06-06T14:34:00Z
2026-06-06,GOOGL,Alphabet,15.0,0.3891454452478011,USD,368.5299987792969,1.0,368.5299987792969,2026-06-05,143.4117704621411,150.0,-6.5882295378588935,-4.392153025239262,yfinance,2026-06-06T14:34:00Z
2026-06-06,MCO,Moody's,2.0,0.0444681598313336,USD,451.3500061035156,1.0,451.3500061035156,2026-06-05,20.07070421128456,20.0,0.070704211284557,0.3535210564227853,yfinance,2026-06-06T14:34:00Z
2026-06-06,MSCI,MSCI,2.0,0.0339052007771873,USD,615.4600219726562,1.0,615.4600219726562,2026-06-05,20.86729561531504,20.0,0.8672956153150366,4.336478076575183,yfinance,2026-06-06T14:34:00Z
2026-06-06,MSFT,Microsoft,18.0,0.4293689203419845,USD,416.6700134277344,1.0,416.6700134277344,2026-06-05,178.9051538043465,180.0,-1.0948461956535027,-0.6082478864741682,yfinance,2026-06-06T14:34:00Z
2026-06-06,NVDA,NVIDIA,7.0,0.323166358553396,USD,205.1000061035156,1.0,205.1000061035156,2026-06-05,66.28142211175245,70.0,-3.718577888247552,-5.312254126067932,yfinance,2026-06-06T14:34:00Z
2026-06-06,SPGI,S&P Global,2.0,0.047848035759865,USD,424.4400024414063,1.0,424.4400024414063,2026-06-05,20.3086204147336,20.0,0.3086204147335962,1.5431020736679812,yfinance,2026-06-06T14:34:00Z
2026-06-06,TER,Teradyne,7.0,0.1958589848780872,USD,357.92999267578125,1.0,357.92999267578125,2026-06-05,70.1038050228997,70.0,0.1038050228997065,0.1482928898567235,yfinance,2026-06-06T14:34:00Z
2026-06-06,TSM,TSMC,7.0,0.1719669363096472,USD,415.1700134277344,1.0,415.1700134277344,2026-06-05,71.39551525680258,70.0,1.3955152568025824,1.9935932240036889,yfinance,2026-06-06T14:34:00Z
2026-06-06,VEEV,Veeva Systems,2.0,0.1251407776463619,USD,172.61000061035156,1.0,172.61000061035156,2026-06-05,21.60054970591841,20.0,1.6005497059184108,8.002748529592054,yfinance,2026-06-06T14:34:00Z
2026-06-06,VRT,Vertiv,5.0,0.1522672617580549,USD,300.510009765625,1.0,300.510009765625,2026-06-05,45.75783631789806,50.0,-4.242163682101939,-8.484327364203878,yfinance,2026-06-06T14:34:00Z
2026-06-07,000660.KS,SK Hynix,8.0,0.0625538166478737,KRW,2070000.0,0.0006415026698868,1327.9105266657043,2026-06-05,83.06587160982788,80.0,3.06587160982788,3.83233951228485,yfinance,2026-06-07T14:38:05Z
2026-06-07,AVGO,Broadcom,10.0,0.2417444256507892,USD,385.7300109863281,1.0,385.7300109863281,2026-06-05,93.24807996216252,100.0,-6.751920037837479,-6.751920037837479,yfinance,2026-06-07T14:38:05Z
2026-06-07,CASH,Cash,10.0,100.0,USD,1.0,1.0,1.0,2026-06-07,100.0,100.0,0.0,0.0,cash,2026-06-07T14:38:05Z
2026-06-07,CEG,Constellation Energy,5.0,0.1687260186663456,USD,254.8300018310547,1.0,254.8300018310547,2026-06-05,42.99645164569143,50.0,-7.00354835430857,-14.00709670861714,yfinance,2026-06-07T14:38:05Z
2026-06-07,GOOGL,Alphabet,15.0,0.3891454452478011,USD,368.5299987792969,1.0,368.5299987792969,2026-06-05,143.4117704621411,150.0,-6.5882295378588935,-4.392153025239262,yfinance,2026-06-07T14:38:05Z
2026-06-07,MCO,Moody's,2.0,0.0444681598313336,USD,451.3500061035156,1.0,451.3500061035156,2026-06-05,20.07070421128456,20.0,0.070704211284557,0.3535210564227853,yfinance,2026-06-07T14:38:05Z
2026-06-07,MSCI,MSCI,2.0,0.0339052007771873,USD,615.4600219726562,1.0,615.4600219726562,2026-06-05,20.86729561531504,20.0,0.8672956153150366,4.336478076575183,yfinance,2026-06-07T14:38:05Z
2026-06-07,MSFT,Microsoft,18.0,0.4293689203419845,USD,416.6700134277344,1.0,416.6700134277344,2026-06-05,178.9051538043465,180.0,-1.0948461956535027,-0.6082478864741682,yfinance,2026-06-07T14:38:05Z
2026-06-07,NVDA,NVIDIA,7.0,0.323166358553396,USD,205.1000061035156,1.0,205.1000061035156,2026-06-05,66.28142211175245,70.0,-3.718577888247552,-5.312254126067932,yfinance,2026-06-07T14:38:05Z
2026-06-07,SPGI,S&P Global,2.0,0.047848035759865,USD,424.4400024414063,1.0,424.4400024414063,2026-06-05,20.3086204147336,20.0,0.3086204147335962,1.5431020736679812,yfinance,2026-06-07T14:38:05Z
2026-06-07,TER,Teradyne,7.0,0.1958589848780872,USD,357.92999267578125,1.0,357.92999267578125,2026-06-05,70.1038050228997,70.0,0.1038050228997065,0.1482928898567235,yfinance,2026-06-07T14:38:05Z
2026-06-07,TSM,TSMC,7.0,0.1719669363096472,USD,415.1700134277344,1.0,415.1700134277344,2026-06-05,71.39551525680258,70.0,1.3955152568025824,1.9935932240036889,yfinance,2026-06-07T14:38:05Z
2026-06-07,VEEV,Veeva Systems,2.0,0.1251407776463619,USD,172.61000061035156,1.0,172.61000061035156,2026-06-05,21.60054970591841,20.0,1.6005497059184108,8.002748529592054,yfinance,2026-06-07T14:38:05Z
2026-06-07,VRT,Vertiv,5.0,0.1522672617580549,USD,300.510009765625,1.0,300.510009765625,2026-06-05,45.75783631789806,50.0,-4.242163682101939,-8.484327364203878,yfinance,2026-06-07T14:38:05Z
2026-06-08,000660.KS,SK Hynix,8.0,0.0625538166478737,KRW,2070000.0,0.0006546216391607,1355.0667930627687,2026-06-05,84.76459971887067,80.0,4.76459971887067,5.955749648588338,yfinance,2026-06-08T15:10:48Z
2026-06-08,AVGO,Broadcom,10.0,0.2417444256507892,USD,398.2850036621094,1.0,398.2850036621094,2026-06-08,96.28317945561912,100.0,-3.71682054438088,-3.7168205443808806,yfinance,2026-06-08T15:10:48Z
2026-06-08,CASH,Cash,10.0,100.0,USD,1.0,1.0,1.0,2026-06-08,100.0,100.0,0.0,0.0,cash,2026-06-08T15:10:48Z
2026-06-08,CEG,Constellation Energy,5.0,0.1687260186663456,USD,254.1849975585937,1.0,254.1849975585937,2026-06-08,42.88762264277632,50.0,-7.112377357223686,-14.224754714447371,yfinance,2026-06-08T15:10:48Z
2026-06-08,GOOGL,Alphabet,15.0,0.3891454452478011,USD,363.2200012207031,1.0,363.2200012207031,2026-06-08,141.3454090979374,150.0,-8.654590902062608,-5.769727268041739,yfinance,2026-06-08T15:10:48Z
2026-06-08,MCO,Moody's,2.0,0.0444681598313336,USD,449.9249877929688,1.0,449.9249877929688,2026-06-08,20.00733626928858,20.0,0.0073362692885794,0.0366813464428972,yfinance,2026-06-08T15:10:48Z
2026-06-08,MSCI,MSCI,2.0,0.0339052007771873,USD,611.1099853515625,1.0,611.1099853515625,2026-06-08,20.719806750288736,20.0,0.7198067502887362,3.599033751443681,yfinance,2026-06-08T15:10:48Z
2026-06-08,MSFT,Microsoft,18.0,0.4293689203419845,USD,412.7099914550781,1.0,412.7099914550781,2026-06-08,177.20484344541654,180.0,-2.795156554583457,-1.552864752546365,yfinance,2026-06-08T15:10:48Z
2026-06-08,NVDA,NVIDIA,7.0,0.323166358553396,USD,208.7550048828125,1.0,208.7550048828125,2026-06-08,67.46259475777492,70.0,-2.537405242225077,-3.6248646317501096,yfinance,2026-06-08T15:10:48Z
2026-06-08,SPGI,S&P Global,2.0,0.047848035759865,USD,422.7550048828125,1.0,422.7550048828125,2026-06-08,20.22799659129472,20.0,0.227996591294719,1.1399829564735953,yfinance,2026-06-08T15:10:48Z
2026-06-08,TER,Teradyne,7.0,0.1958589848780872,USD,378.5199890136719,1.0,378.5199890136719,2026-06-08,74.1365408042825,70.0,4.136540804282504,5.909344006117863,yfinance,2026-06-08T15:10:48Z
2026-06-08,TSM,TSMC,7.0,0.1719669363096472,USD,432.2749938964844,1.0,432.2749938964844,2026-06-08,74.33700634364988,70.0,4.337006343649875,6.19572334807125,yfinance,2026-06-08T15:10:48Z
2026-06-08,VEEV,Veeva Systems,2.0,0.1251407776463619,USD,168.93150329589844,1.0,168.93150329589844,2026-06-08,21.14021969141769,20.0,1.1402196914176912,5.701098457088456,yfinance,2026-06-08T15:10:48Z
2026-06-08,VRT,Vertiv,5.0,0.1522672617580549,USD,307.2749938964844,1.0,307.2749938964844,2026-06-08,46.78792192734071,50.0,-3.2120780726592884,-6.424156145318577,yfinance,2026-06-08T15:10:48Z
2026-06-09,000660.KS,SK Hynix,8.0,0.0625538166478737,KRW,1911000.0,0.000655213546668,1252.1130876826412,2026-06-08,78.32445250930296,80.0,-1.675547490697042,-2.0944343633713025,yfinance,2026-06-09T15:17:33Z
2026-06-09,AVGO,Broadcom,10.0,0.2417444256507892,USD,386.37799072265625,1.0,386.37799072265625,2026-06-09,93.40472545135452,100.0,-6.595274548645492,-6.595274548645492,yfinance,2026-06-09T15:17:33Z
2026-06-09,CASH,Cash,10.0,100.0,USD,1.0,1.0,1.0,2026-06-09,100.0,100.0,0.0,0.0,cash,2026-06-09T15:17:33Z
2026-06-09,CEG,Constellation Energy,5.0,0.1687260186663456,USD,250.0399932861328,1.0,250.0399932861328,2026-06-09,42.18825257452899,50.0,-7.811747425471012,-15.623494850942024,yfinance,2026-06-09T15:17:33Z
2026-06-09,GOOGL,Alphabet,15.0,0.3891454452478011,USD,362.9599914550781,1.0,362.9599914550781,2026-06-09,141.24422748192447,150.0,-8.755772518075531,-5.837181678717021,yfinance,2026-06-09T15:17:33Z
2026-06-09,MCO,Moody's,2.0,0.0444681598313336,USD,450.4700012207031,1.0,450.4700012207031,2026-06-09,20.031572013503297,20.0,0.0315720135032968,0.1578600675164843,yfinance,2026-06-09T15:17:33Z
2026-06-09,MSCI,MSCI,2.0,0.0339052007771873,USD,607.530029296875,1.0,607.530029296875,2026-06-09,20.598427621481047,20.0,0.5984276214810471,2.992138107405236,yfinance,2026-06-09T15:17:33Z
2026-06-09,MSFT,Microsoft,18.0,0.4293689203419845,USD,406.6050109863281,1.0,406.6050109863281,2026-06-09,174.58355457284046,180.0,-5.416445427159545,-3.0091363484219693,yfinance,2026-06-09T15:17:33Z
2026-06-09,NVDA,NVIDIA,7.0,0.323166358553396,USD,205.8600006103516,1.0,205.8600006103516,2026-06-09,66.5270267690472,70.0,-3.472973230952803,-4.961390329932576,yfinance,2026-06-09T15:17:33Z
2026-06-09,SPGI,S&P Global,2.0,0.047848035759865,USD,424.8550109863281,1.0,424.8550109863281,2026-06-09,20.32847775843167,20.0,0.3284777584316707,1.6423887921583538,yfinance,2026-06-09T15:17:33Z
2026-06-09,TER,Teradyne,7.0,0.1958589848780872,USD,374.3800048828125,1.0,374.3800048828125,2026-06-09,73.325687715001,70.0,3.325687715000996,4.750982450001422,yfinance,2026-06-09T15:17:33Z
2026-06-09,TSM,TSMC,7.0,0.1719669363096472,USD,426.3399963378906,1.0,426.3399963378906,2026-06-09,73.31638299649327,70.0,3.3163829964932745,4.737689994990392,yfinance,2026-06-09T15:17:33Z
2026-06-09,VEEV,Veeva Systems,2.0,0.1251407776463619,USD,169.22500610351562,1.0,169.22500610351562,2026-06-09,21.17694886100429,20.0,1.1769488610042949,5.884744305021474,yfinance,2026-06-09T15:17:33Z
2026-06-09,VRT,Vertiv,5.0,0.1522672617580549,USD,288.44000244140625,1.0,288.44000244140625,2026-06-09,43.9199693532396,50.0,-6.080030646760399,-12.160061293520798,yfinance,2026-06-09T15:17:33Z
2026-06-10,000660.KS,SK Hynix,8.0,0.0625538166478737,KRW,2215000.0,0.0006579034019195,1457.2560352518003,2026-06-09,91.15692683814852,80.0,11.156926838148522,13.946158547685652,yfinance,2026-06-10T15:07:54Z
2026-06-10,AVGO,Broadcom,10.0,0.2417444256507892,USD,373.5899963378906,1.0,373.5899963378906,2026-06-10,90.31329909358382,100.0,-9.686700906416178,-9.686700906416178,yfinance,2026-06-10T15:07:54Z
2026-06-10,CASH,Cash,10.0,100.0,USD,1.0,1.0,1.0,2026-06-10,100.0,100.0,0.0,0.0,cash,2026-06-10T15:07:54Z
2026-06-10,CEG,Constellation Energy,5.0,0.1687260186663456,USD,241.17999267578125,1.0,241.17999267578125,2026-06-10,40.69333994616297,50.0,-9.306660053837028,-18.613320107674056,yfinance,2026-06-10T15:07:54Z
2026-06-10,GOOGL,Alphabet,15.0,0.3891454452478011,USD,363.2000122070313,1.0,363.2000122070313,2026-06-10,141.337630464312,150.0,-8.662369535688015,-5.77491302379201,yfinance,2026-06-10T15:07:54Z
2026-06-10,MCO,Moody's,2.0,0.0444681598313336,USD,453.4299926757813,1.0,453.4299926757813,2026-06-10,20.163197386627093,20.0,0.1631973866270932,0.8159869331354662,yfinance,2026-06-10T15:07:54Z
2026-06-10,MSCI,MSCI,2.0,0.0339052007771873,USD,602.92431640625,1.0,602.92431640625,2026-06-10,20.442270001202328,20.0,0.4422700012023277,2.2113500060116387,yfinance,2026-06-10T15:07:54Z
2026-06-10,MSFT,Microsoft,18.0,0.4293689203419845,USD,402.760009765625,1.0,402.760009765625,2026-06-10,172.93263054999355,180.0,-7.067369450006453,-3.926316361114696,yfinance,2026-06-10T15:07:54Z
2026-06-10,NVDA,NVIDIA,7.0,0.323166358553396,USD,203.2400054931641,1.0,203.2400054931641,2026-06-10,65.68033248759804,70.0,-4.3196675124019634,-6.170953589145662,yfinance,2026-06-10T15:07:54Z
2026-06-10,SPGI,S&P Global,2.0,0.047848035759865,USD,429.9200134277344,1.0,429.9200134277344,2026-06-10,20.57082817637188,20.0,0.5708281763718794,2.854140881859397,yfinance,2026-06-10T15:07:54Z
2026-06-10,TER,Teradyne,7.0,0.1958589848780872,USD,353.45001220703125,1.0,353.45001220703125,2026-06-10,69.22636059601668,70.0,-0.7736394039833243,-1.105199148547606,yfinance,2026-06-10T15:07:54Z
2026-06-10,TSM,TSMC,7.0,0.1719669363096472,USD,415.5899963378906,1.0,415.5899963378906,2026-06-10,71.46773843116456,70.0,1.4677384311645625,2.0967691873779466,yfinance,2026-06-10T15:07:54Z
2026-06-10,VEEV,Veeva Systems,2.0,0.1251407776463619,USD,166.64999389648438,1.0,166.64999389648438,2026-06-10,20.854709830967533,20.0,0.8547098309675327,4.273549154837664,yfinance,2026-06-10T15:07:54Z
2026-06-10,VRT,Vertiv,5.0,0.1522672617580549,USD,280.7149963378906,1.0,280.7149963378906,2026-06-10,42.743703826793016,50.0,-7.256296173206984,-14.512592346413966,yfinance,2026-06-10T15:07:54Z
2026-06-11,000660.KS,SK Hynix,8.0,0.0625538166478737,KRW,2048000.0,0.0006531124050936,1337.5742056317072,2026-06-10,83.67037161201114,80.0,3.670371612011138,4.5879645150139226,yfinance,2026-06-11T15:13:11Z
2026-06-11,AVGO,Broadcom,10.0,0.2417444256507892,USD,375.8200073242188,1.0,375.8200073242188,2026-06-11,90.85239181866866,100.0,-9.147608181331336,-9.147608181331336,yfinance,2026-06-11T15:13:11Z
2026-06-11,CASH,Cash,10.0,100.0,USD,1.0,1.0,1.0,2026-06-11,100.0,100.0,0.0,0.0,cash,2026-06-11T15:13:11Z
2026-06-11,CEG,Constellation Energy,5.0,0.1687260186663456,USD,247.3800048828125,1.0,247.3800048828125,2026-06-11,41.7394433215381,50.0,-8.260556678461903,-16.521113356923806,yfinance,2026-06-11T15:13:11Z
2026-06-11,GOOGL,Alphabet,15.0,0.3891454452478011,USD,347.90069580078125,1.0,347.90069580078125,2026-06-11,135.38397116941485,150.0,-14.616028830585153,-9.7440192203901,yfinance,2026-06-11T15:13:11Z
2026-06-11,MCO,Moody's,2.0,0.0444681598313336,USD,439.739990234375,1.0,439.739990234375,2026-06-11,19.55442816997129,20.0,-0.4455718300287081,-2.2278591501435407,yfinance,2026-06-11T15:13:11Z
2026-06-11,MSCI,MSCI,2.0,0.0339052007771873,USD,594.2479858398438,1.0,594.2479858398438,2026-06-11,20.14809727133908,20.0,0.1480972713390755,0.7404863566953779,yfinance,2026-06-11T15:13:11Z
2026-06-11,MSFT,Microsoft,18.0,0.4293689203419845,USD,388.6622009277344,1.0,388.6622009277344,2026-06-11,166.87946959008076,180.0,-13.12053040991924,-7.289183561066245,yfinance,2026-06-11T15:13:11Z
2026-06-11,NVDA,NVIDIA,7.0,0.323166358553396,USD,201.2198944091797,1.0,201.2198944091797,2026-06-11,65.02750054471345,70.0,-4.9724994552865525,-7.1035706504093605,yfinance,2026-06-11T15:13:11Z
2026-06-11,SPGI,S&P Global,2.0,0.047848035759865,USD,413.4049987792969,1.0,413.4049987792969,2026-06-11,19.780617164898747,20.0,-0.2193828351012534,-1.0969141755062672,yfinance,2026-06-11T15:13:11Z
2026-06-11,TER,Teradyne,7.0,0.1958589848780872,USD,364.6700134277344,1.0,364.6700134277344,2026-06-11,71.42389864543449,70.0,1.423898645434491,2.0341409220492728,yfinance,2026-06-11T15:13:11Z
2026-06-11,TSM,TSMC,7.0,0.1719669363096472,USD,413.5,1.0,413.5,2026-06-11,71.10832816403914,70.0,1.1083281640391365,1.5833259486273374,yfinance,2026-06-11T15:13:11Z
2026-06-11,VEEV,Veeva Systems,2.0,0.1251407776463619,USD,162.05499267578125,1.0,162.05499267578125,2026-06-11,20.27968780492276,20.0,0.2796878049227587,1.3984390246137934,yfinance,2026-06-11T15:13:11Z
2026-06-11,VRT,Vertiv,5.0,0.1522672617580549,USD,289.8900146484375,1.0,289.8900146484375,2026-06-11,44.14075874152,50.0,-5.859241258479997,-11.718482516959996,yfinance,2026-06-11T15:13:11Z
2026-06-12,000660.KS,SK Hynix,8.0,0.0625538166478737,KRW,2101000.0,0.0006594435381657,1385.4908736862144,2026-06-11,86.66774207986981,80.0,6.667742079869811,8.334677599837264,yfinance,2026-06-12T15:06:06Z
2026-06-12,AVGO,Broadcom,10.0,0.2417444256507892,USD,381.4750061035156,1.0,381.4750061035156,2026-06-12,92.21945625062573,100.0,-7.780543749374289,-7.780543749374289,yfinance,2026-06-12T15:06:06Z
2026-06-12,CASH,Cash,10.0,100.0,USD,1.0,1.0,1.0,2026-06-12,100.0,100.0,0.0,0.0,cash,2026-06-12T15:06:06Z
2026-06-12,CEG,Constellation Energy,5.0,0.1687260186663456,USD,249.4199981689453,1.0,249.4199981689453,2026-06-12,42.08364326681337,50.0,-7.916356733186632,-15.832713466373264,yfinance,2026-06-12T15:06:06Z
2026-06-12,GOOGL,Alphabet,15.0,0.3891454452478011,USD,362.8450012207031,1.0,362.8450012207031,2026-06-12,141.19947955596948,150.0,-8.800520444030525,-5.867013629353683,yfinance,2026-06-12T15:06:06Z
2026-06-12,MCO,Moody's,2.0,0.0444681598313336,USD,446.1600036621094,1.0,446.1600036621094,2026-06-12,19.83991435319509,20.0,-0.1600856468049087,-0.8004282340245439,yfinance,2026-06-12T15:06:06Z
2026-06-12,MSCI,MSCI,2.0,0.0339052007771873,USD,596.6849975585938,1.0,596.6849975585938,2026-06-12,20.23072464295965,20.0,0.2307246429596539,1.1536232147982697,yfinance,2026-06-12T15:06:06Z
2026-06-12,MSFT,Microsoft,18.0,0.4293689203419845,USD,388.5499877929688,1.0,388.5499877929688,2026-06-12,166.83128875755824,180.0,-13.16871124244176,-7.3159506902454225,yfinance,2026-06-12T15:06:06Z
2026-06-12,NVDA,NVIDIA,7.0,0.323166358553396,USD,205.57000732421875,1.0,205.57000732421875,2026-06-12,66.43331069476272,70.0,-3.566689305237276,-5.095270436053251,yfinance,2026-06-12T15:06:06Z
2026-06-12,SPGI,S&P Global,2.0,0.047848035759865,USD,417.4841918945313,1.0,417.4841918945313,2026-06-12,19.97579854294788,20.0,-0.024201457052122,-0.1210072852606103,yfinance,2026-06-12T15:06:06Z
2026-06-12,TER,Teradyne,7.0,0.1958589848780872,USD,401.6499938964844,1.0,401.6499938964844,2026-06-12,78.66676008085535,70.0,8.666760080855354,12.381085829793363,yfinance,2026-06-12T15:06:06Z
2026-06-12,TSM,TSMC,7.0,0.1719669363096472,USD,424.1300048828125,1.0,424.1300048828125,2026-06-12,72.93633753669299,70.0,2.9363375366929887,4.1947679095614125,yfinance,2026-06-12T15:06:06Z
2026-06-12,VEEV,Veeva Systems,2.0,0.1251407776463619,USD,158.74000549316406,1.0,158.74000549316406,2026-06-12,19.86484773100232,20.0,-0.1351522689976789,-0.6757613449883948,yfinance,2026-06-12T15:06:06Z
2026-06-12,VRT,Vertiv,5.0,0.1522672617580549,USD,299.2900085449219,1.0,299.2900085449219,2026-06-12,45.57207007268011,50.0,-4.427929927319887,-8.855859854639775,yfinance,2026-06-12T15:06:06Z
2026-06-13,000660.KS,SK Hynix,8.0,0.0625538166478737,KRW,2150000.0,0.0006588092617709,1416.439912807495,2026-06-12,88.60372259849026,80.0,8.603722598490265,10.754653248112833,yfinance,2026-06-13T14:45:57Z
2026-06-13,AVGO,Broadcom,10.0,0.2417444256507892,USD,382.0700073242188,1.0,382.0700073242188,2026-06-12,92.3632944789861,100.0,-7.636705521013894,-7.636705521013893,yfinance,2026-06-13T14:45:57Z
2026-06-13,CASH,Cash,10.0,100.0,USD,1.0,1.0,1.0,2026-06-13,100.0,100.0,0.0,0.0,cash,2026-06-13T14:45:57Z
2026-06-13,CEG,Constellation Energy,5.0,0.1687260186663456,USD,253.759994506836,1.0,253.759994506836,2026-06-12,42.81591356993217,50.0,-7.184086430067829,-14.368172860135658,yfinance,2026-06-13T14:45:57Z
2026-06-13,GOOGL,Alphabet,15.0,0.3891454452478011,USD,359.67999267578125,1.0,359.67999267578125,2026-06-12,139.96783089654275,150.0,-10.03216910345725,-6.688112735638166,yfinance,2026-06-13T14:45:57Z
2026-06-13,MCO,Moody's,2.0,0.0444681598313336,USD,447.8500061035156,1.0,447.8500061035156,2026-06-12,19.91506565187489,20.0,-0.0849343481251097,-0.4246717406255484,yfinance,2026-06-13T14:45:57Z
2026-06-13,MSCI,MSCI,2.0,0.0339052007771873,USD,599.1199951171875,1.0,599.1199951171875,2026-06-12,20.31328372407573,20.0,0.3132837240757347,1.5664186203786734,yfinance,2026-06-13T14:45:57Z
2026-06-13,MSFT,Microsoft,18.0,0.4293689203419845,USD,390.739990234375,1.0,390.739990234375,2026-06-12,167.77160774137116,180.0,-12.228392258628844,-6.793551254793802,yfinance,2026-06-13T14:45:57Z
2026-06-13,NVDA,NVIDIA,7.0,0.323166358553396,USD,205.19000244140625,1.0,205.19000244140625,2026-06-12,66.3105059005517,70.0,-3.689494099448297,-5.270705856354709,yfinance,2026-06-13T14:45:57Z
2026-06-13,SPGI,S&P Global,2.0,0.047848035759865,USD,418.9100036621094,1.0,418.9100036621094,2026-06-12,20.04402083538979,20.0,0.0440208353897908,0.2201041769489542,yfinance,2026-06-13T14:45:57Z
2026-06-13,TER,Teradyne,7.0,0.1958589848780872,USD,403.2000122070313,1.0,403.2000122070313,2026-06-12,78.97034509370152,70.0,8.970345093701525,12.814778705287894,yfinance,2026-06-13T14:45:57Z
2026-06-13,TSM,TSMC,7.0,0.1719669363096472,USD,423.9299926757813,1.0,423.9299926757813,2026-06-12,72.9019420502253,70.0,2.9019420502253013,4.145631500321859,yfinance,2026-06-13T14:45:57Z
2026-06-13,VEEV,Veeva Systems,2.0,0.1251407776463619,USD,159.5399932861328,1.0,159.5399932861328,2026-06-12,19.96495882552203,20.0,-0.0350411744779712,-0.1752058723898564,yfinance,2026-06-13T14:45:57Z
2026-06-13,VRT,Vertiv,5.0,0.1522672617580549,USD,302.8699951171875,1.0,302.8699951171875,2026-06-12,46.1171848251696,50.0,-3.882815174830398,-7.765630349660796,yfinance,2026-06-13T14:45:57Z
2026-06-14,000660.KS,SK Hynix,8.0,0.0625538166478737,KRW,2150000.0,0.0006588092617709,1416.439912807495,2026-06-12,88.60372259849026,80.0,8.603722598490265,10.754653248112833,yfinance,2026-06-14T14:48:10Z
2026-06-14,AVGO,Broadcom,10.0,0.2417444256507892,USD,382.0700073242188,1.0,382.0700073242188,2026-06-12,92.3632944789861,100.0,-7.636705521013894,-7.636705521013893,yfinance,2026-06-14T14:48:10Z
2026-06-14,CASH,Cash,10.0,100.0,USD,1.0,1.0,1.0,2026-06-14,100.0,100.0,0.0,0.0,cash,2026-06-14T14:48:10Z
2026-06-14,CEG,Constellation Energy,5.0,0.1687260186663456,USD,253.759994506836,1.0,253.759994506836,2026-06-12,42.81591356993217,50.0,-7.184086430067829,-14.368172860135658,yfinance,2026-06-14T14:48:10Z
2026-06-14,GOOGL,Alphabet,15.0,0.3891454452478011,USD,359.67999267578125,1.0,359.67999267578125,2026-06-12,139.96783089654275,150.0,-10.03216910345725,-6.688112735638166,yfinance,2026-06-14T14:48:10Z
2026-06-14,MCO,Moody's,2.0,0.0444681598313336,USD,447.8500061035156,1.0,447.8500061035156,2026-06-12,19.91506565187489,20.0,-0.0849343481251097,-0.4246717406255484,yfinance,2026-06-14T14:48:10Z
2026-06-14,MSCI,MSCI,2.0,0.0339052007771873,USD,599.1199951171875,1.0,599.1199951171875,2026-06-12,20.31328372407573,20.0,0.3132837240757347,1.5664186203786734,yfinance,2026-06-14T14:48:10Z
2026-06-14,MSFT,Microsoft,18.0,0.4293689203419845,USD,390.739990234375,1.0,390.739990234375,2026-06-12,167.77160774137116,180.0,-12.228392258628844,-6.793551254793802,yfinance,2026-06-14T14:48:10Z
2026-06-14,NVDA,NVIDIA,7.0,0.323166358553396,USD,205.19000244140625,1.0,205.19000244140625,2026-06-12,66.3105059005517,70.0,-3.689494099448297,-5.270705856354709,yfinance,2026-06-14T14:48:10Z
2026-06-14,SPGI,S&P Global,2.0,0.047848035759865,USD,418.9100036621094,1.0,418.9100036621094,2026-06-12,20.04402083538979,20.0,0.0440208353897908,0.2201041769489542,yfinance,2026-06-14T14:48:10Z
2026-06-14,TER,Teradyne,7.0,0.1958589848780872,USD,403.2000122070313,1.0,403.2000122070313,2026-06-12,78.97034509370152,70.0,8.970345093701525,12.814778705287894,yfinance,2026-06-14T14:48:10Z
2026-06-14,TSM,TSMC,7.0,0.1719669363096472,USD,423.9299926757813,1.0,423.9299926757813,2026-06-12,72.9019420502253,70.0,2.9019420502253013,4.145631500321859,yfinance,2026-06-14T14:48:10Z
2026-06-14,VEEV,Veeva Systems,2.0,0.1251407776463619,USD,159.5399932861328,1.0,159.5399932861328,2026-06-12,19.96495882552203,20.0,-0.0350411744779712,-0.1752058723898564,yfinance,2026-06-14T14:48:10Z
2026-06-14,VRT,Vertiv,5.0,0.1522672617580549,USD,302.8699951171875,1.0,302.8699951171875,2026-06-12,46.1171848251696,50.0,-3.882815174830398,-7.765630349660796,yfinance,2026-06-14T14:48:10Z
2026-06-15,000660.KS,SK Hynix,8.0,0.0625538166478737,KRW,2150000.0,0.0006600964827058,1419.2074378176142,2026-06-12,88.77684185054167,80.0,8.776841850541672,10.97105231317709,yfinance,2026-06-15T16:01:02Z
2026-06-15,AVGO,Broadcom,10.0,0.2417444256507892,USD,393.8349914550781,1.0,393.8349914550781,2026-06-15,95.20741381049136,100.0,-4.792586189508654,-4.792586189508654,yfinance,2026-06-15T16:01:02Z
2026-06-15,CASH,Cash,10.0,100.0,USD,1.0,1.0,1.0,2026-06-15,100.0,100.0,0.0,0.0,cash,2026-06-15T16:01:02Z
2026-06-15,CEG,Constellation Energy,5.0,0.1687260186663456,USD,264.0899963378906,1.0,264.0899963378906,2026-06-15,44.55885365170209,50.0,-5.441146348297913,-10.882292696595826,yfinance,2026-06-15T16:01:02Z
2026-06-15,GOOGL,Alphabet,15.0,0.3891454452478011,USD,372.5799865722656,1.0,372.5799865722656,2026-06-15,144.9878047650841,150.0,-5.012195234915907,-3.3414634899439384,yfinance,2026-06-15T16:01:02Z
2026-06-15,MCO,Moody's,2.0,0.0444681598313336,USD,459.2300109863281,1.0,459.2300109863281,2026-06-15,20.42111352788515,20.0,0.4211135278851508,2.105567639425754,yfinance,2026-06-15T16:01:02Z
2026-06-15,MSCI,MSCI,2.0,0.0339052007771873,USD,612.405029296875,1.0,612.405029296875,2026-06-15,20.76371547526984,20.0,0.7637154752698372,3.818577376349186,yfinance,2026-06-15T16:01:02Z
2026-06-15,MSFT,Microsoft,18.0,0.4293689203419845,USD,400.9750061035156,1.0,400.9750061035156,2026-06-15,172.16620545478713,180.0,-7.833794545212868,-4.352108080673816,yfinance,2026-06-15T16:01:02Z
2026-06-15,NVDA,NVIDIA,7.0,0.323166358553396,USD,212.5034942626953,1.0,212.5034942626953,2026-06-15,68.67398042074772,70.0,-1.326019579252275,-1.8943136846461075,yfinance,2026-06-15T16:01:02Z
2026-06-15,SPGI,S&P Global,2.0,0.047848035759865,USD,428.5950012207031,1.0,428.5950012207031,2026-06-15,20.50742894490759,20.0,0.5074289449075913,2.5371447245379564,yfinance,2026-06-15T16:01:02Z
2026-06-15,TER,Teradyne,7.0,0.1958589848780872,USD,428.6050109863281,1.0,428.6050109863281,2026-06-15,83.94614236544365,70.0,13.946142365443649,19.92306052206236,yfinance,2026-06-15T16:01:02Z
2026-06-15,TSM,TSMC,7.0,0.1719669363096472,USD,439.9200134277344,1.0,439.9200134277344,2026-06-15,75.65169693046636,70.0,5.651696930466358,8.073852757809082,yfinance,2026-06-15T16:01:02Z
2026-06-15,VEEV,Veeva Systems,2.0,0.1251407776463619,USD,165.2899932861328,1.0,165.2899932861328,2026-06-15,20.68451829698861,20.0,0.6845182969886103,3.422591484943052,yfinance,2026-06-15T16:01:02Z
2026-06-15,VRT,Vertiv,5.0,0.1522672617580549,USD,312.6499938964844,1.0,312.6499938964844,2026-06-15,47.606358459290256,50.0,-2.393641540709744,-4.787283081419488,yfinance,2026-06-15T16:01:02Z
2026-06-16,000660.KS,SK Hynix,8.0,0.0625538166478737,KRW,2288000.0,0.0006629013782069,1516.7183533374398,2026-06-15,94.87652178113514,80.0,14.87652178113514,18.595652226418924,yfinance,2026-06-16T15:42:43Z
2026-06-16,AVGO,Broadcom,10.0,0.2417444256507892,USD,380.0,1.0,380.0,2026-06-16,91.86288174729992,100.0,-8.137118252700091,-8.137118252700091,yfinance,2026-06-16T15:42:43Z
2026-06-16,CASH,Cash,10.0,100.0,USD,1.0,1.0,1.0,2026-06-16,100.0,100.0,0.0,0.0,cash,2026-06-16T15:42:43Z
2026-06-16,CEG,Constellation Energy,5.0,0.1687260186663456,USD,269.125,1.0,269.125,2026-06-16,45.40838977358028,50.0,-4.591610226419725,-9.18322045283945,yfinance,2026-06-16T15:42:43Z
2026-06-16,GOOGL,Alphabet,15.0,0.3891454452478011,USD,374.8599853515625,1.0,374.8599853515625,2026-06-16,145.875055905218,150.0,-4.124944094781995,-2.7499627298546634,yfinance,2026-06-16T15:42:43Z
2026-06-16,MCO,Moody's,2.0,0.0444681598313336,USD,468.4450073242188,1.0,468.4450073242188,2026-06-16,20.830887457883627,20.0,0.8308874578836267,4.154437289418134,yfinance,2026-06-16T15:42:43Z
2026-06-16,MSCI,MSCI,2.0,0.0339052007771873,USD,610.4299926757812,1.0,610.4299926757812,2026-06-16,20.69675146208936,20.0,0.696751462089356,3.48375731044678,yfinance,2026-06-16T15:42:43Z
2026-06-16,MSFT,Microsoft,18.0,0.4293689203419845,USD,393.375,1.0,393.375,2026-06-16,168.90299903952814,180.0,-11.09700096047186,-6.165000533595478,yfinance,2026-06-16T15:42:43Z
2026-06-16,NVDA,NVIDIA,7.0,0.323166358553396,USD,209.13999938964844,1.0,209.13999938964844,2026-06-16,67.58701203061216,70.0,-2.412987969387842,-3.4471256705540605,yfinance,2026-06-16T15:42:43Z
2026-06-16,SPGI,S&P Global,2.0,0.047848035759865,USD,433.4100036621094,1.0,433.4100036621094,2026-06-16,20.73781735390784,20.0,0.7378173539078325,3.689086769539162,yfinance,2026-06-16T15:42:43Z
2026-06-16,TER,Teradyne,7.0,0.1958589848780872,USD,419.0400085449219,1.0,419.0400085449219,2026-06-16,82.0727506969134,70.0,12.072750696913404,17.24678670987629,yfinance,2026-06-16T15:42:43Z
2026-06-16,TSM,TSMC,7.0,0.1719669363096472,USD,429.5,1.0,429.5,2026-06-16,73.85979914499349,70.0,3.859799144993488,5.513998778562126,yfinance,2026-06-16T15:42:43Z
2026-06-16,VEEV,Veeva Systems,2.0,0.1251407776463619,USD,161.11000061035156,1.0,161.11000061035156,2026-06-16,20.161430762985248,20.0,0.1614307629852476,0.807153814926238,yfinance,2026-06-16T15:42:43Z
2026-06-16,VRT,Vertiv,5.0,0.1522672617580549,USD,306.6600036621094,1.0,306.6600036621094,2026-06-16,46.69427904834448,50.0,-3.305720951655516,-6.611441903311032,yfinance,2026-06-16T15:42:43Z
2026-06-17,000660.KS,SK Hynix,8.0,0.0625538166478737,KRW,2382000.0,0.000659682822373,1571.3644828926576,2026-06-16,98.2948457498482,80.0,18.2948457498482,22.86855718731024,yfinance,2026-06-17T15:07:31Z
2026-06-17,AVGO,Broadcom,10.0,0.2417444256507892,USD,396.6400146484375,1.0,396.6400146484375,2026-06-17,95.88551253130716,100.0,-4.114487468692843,-4.114487468692843,yfinance,2026-06-17T15:07:31Z
2026-06-17,CASH,Cash,10.0,100.0,USD,1.0,1.0,1.0,2026-06-17,100.0,100.0,0.0,0.0,cash,2026-06-17T15:07:31Z
2026-06-17,CEG,Constellation Energy,5.0,0.1687260186663456,USD,271.0299987792969,1.0,271.0299987792969,2026-06-17,45.729812633175285,50.0,-4.270187366824715,-8.54037473364943,yfinance,2026-06-17T15:07:31Z
2026-06-17,GOOGL,Alphabet,15.0,0.3891454452478011,USD,363.0700073242188,1.0,363.0700073242188,2026-06-17,141.28703965630552,150.0,-8.712960343694476,-5.808640229129651,yfinance,2026-06-17T15:07:31Z
2026-06-17,MCO,Moody's,2.0,0.0444681598313336,USD,468.4450073242188,1.0,468.4450073242188,2026-06-17,20.830887457883627,20.0,0.8308874578836267,4.154437289418134,yfinance,2026-06-17T15:07:31Z
2026-06-17,MSCI,MSCI,2.0,0.0339052007771873,USD,602.760009765625,1.0,602.760009765625,2026-06-17,20.436699151562912,20.0,0.4366991515629124,2.183495757814562,yfinance,2026-06-17T15:07:31Z
2026-06-17,MSFT,Microsoft,18.0,0.4293689203419845,USD,386.1300048828125,1.0,386.1300048828125,2026-06-17,165.7922233081784,180.0,-14.207776691821609,-7.893209273234227,yfinance,2026-06-17T15:07:31Z
2026-06-17,NVDA,NVIDIA,7.0,0.323166358553396,USD,206.1699981689453,1.0,206.1699981689453,2026-06-17,66.62720755121839,70.0,-3.3727924487816097,-4.818274926830871,yfinance,2026-06-17T15:07:31Z
2026-06-17,SPGI,S&P Global,2.0,0.047848035759865,USD,429.6199951171875,1.0,429.6199951171875,2026-06-17,20.55647288952022,20.0,0.5564728895202187,2.7823644476010934,yfinance,2026-06-17T15:07:31Z
2026-06-17,TER,Teradyne,7.0,0.1958589848780872,USD,421.8299865722656,1.0,421.8299865722656,2026-06-17,82.61919296118111,70.0,12.619192961181112,18.02741851597301,yfinance,2026-06-17T15:07:31Z
2026-06-17,TSM,TSMC,7.0,0.1719669363096472,USD,435.9800109863281,1.0,435.9800109863281,2026-06-17,74.9741467815652,70.0,4.974146781565196,7.105923973664566,yfinance,2026-06-17T15:07:31Z
2026-06-17,VEEV,Veeva Systems,2.0,0.1251407776463619,USD,160.60000610351562,1.0,160.60000610351562,2026-06-17,20.097609653804422,20.0,0.0976096538044259,0.4880482690221299,yfinance,2026-06-17T15:07:31Z
2026-06-17,VRT,Vertiv,5.0,0.1522672617580549,USD,314.1700134277344,1.0,314.1700134277344,2026-06-17,47.83780767113246,50.0,-2.1621923288675404,-4.324384657735081,yfinance,2026-06-17T15:07:31Z
2026-06-18,000660.KS,SK Hynix,8.0,0.0625538166478737,KRW,2521000.0,0.000651516728877,1642.4736734989765,2026-06-17,102.74299702101456,80.0,22.74299702101456,28.428746276268203,yfinance,2026-06-18T15:07:04Z
2026-06-18,AVGO,Broadcom,10.0,0.2417444256507892,USD,410.0224914550781,1.0,410.0224914550781,2026-06-18,99.1206517007135,100.0,-0.8793482992865052,-0.8793482992865053,yfinance,2026-06-18T15:07:04Z
2026-06-18,CASH,Cash,10.0,100.0,USD,1.0,1.0,1.0,2026-06-18,100.0,100.0,0.0,0.0,cash,2026-06-18T15:07:04Z
2026-06-18,CEG,Constellation Energy,5.0,0.1687260186663456,USD,278.7149963378906,1.0,278.7149963378906,2026-06-18,47.02647167469739,50.0,-2.9735283253026097,-5.947056650605219,yfinance,2026-06-18T15:07:04Z
2026-06-18,GOOGL,Alphabet,15.0,0.3891454452478011,USD,363.8949890136719,1.0,363.8949890136719,2026-06-18,141.60807752316904,150.0,-8.391922476830956,-5.594614984553971,yfinance,2026-06-18T15:07:04Z
2026-06-18,MCO,Moody's,2.0,0.0444681598313336,USD,452.7900085449219,1.0,452.7900085449219,2026-06-18,20.13473847000652,20.0,0.1347384700065212,0.6736923500326064,yfinance,2026-06-18T15:07:04Z
2026-06-18,MSCI,MSCI,2.0,0.0339052007771873,USD,587.5,1.0,587.5,2026-06-18,19.91930545659756,20.0,-0.0806945434024442,-0.403472717012221,yfinance,2026-06-18T15:07:04Z
2026-06-18,MSFT,Microsoft,18.0,0.4293689203419845,USD,376.1499938964844,1.0,376.1499938964844,2026-06-18,161.50711676597754,180.0,-18.492883234022457,-10.273824018901363,yfinance,2026-06-18T15:07:04Z
2026-06-18,NVDA,NVIDIA,7.0,0.323166358553396,USD,209.6000061035156,1.0,209.6000061035156,2026-06-18,67.73567072524273,70.0,-2.264329274757273,-3.2347561067961044,yfinance,2026-06-18T15:07:04Z
2026-06-18,SPGI,S&P Global,2.0,0.047848035759865,USD,411.3008117675781,1.0,411.3008117675781,2026-06-18,19.679935949516583,20.0,-0.3200640504834169,-1.6003202524170848,yfinance,2026-06-18T15:07:04Z
2026-06-18,TER,Teradyne,7.0,0.1958589848780872,USD,434.2200012207031,1.0,434.2200012207031,2026-06-18,85.04588865284872,70.0,15.045888652848715,21.49412664692674,yfinance,2026-06-18T15:07:04Z
2026-06-18,TSM,TSMC,7.0,0.1719669363096472,USD,452.5,1.0,452.5,2026-06-18,77.81503868011538,70.0,7.815038680115379,11.164340971593395,yfinance,2026-06-18T15:07:04Z
2026-06-18,VEEV,Veeva Systems,2.0,0.1251407776463619,USD,153.3699951171875,1.0,153.3699951171875,2026-06-18,19.192840456583586,20.0,-0.807159543416418,-4.03579771708209,yfinance,2026-06-18T15:07:04Z
2026-06-18,VRT,Vertiv,5.0,0.1522672617580549,USD,335.4700012207031,1.0,335.4700012207031,2026-06-18,51.08109848784781,50.0,1.0810984878478038,2.162196975695608,yfinance,2026-06-18T15:07:04Z
2026-06-19,000660.KS,SK Hynix,8.0,0.0625538166478737,KRW,2685000.0,0.0006521838126576,1751.113536985796,2026-06-18,109.53883512221913,80.0,29.538835122219112,36.92354390277389,yfinance,2026-06-19T15:04:39Z
2026-06-19,AVGO,Broadcom,10.0,0.2417444256507892,USD,411.3500061035156,1.0,411.3500061035156,2026-06-18,99.44157096694305,100.0,-0.5584290330569672,-0.5584290330569672,yfinance,2026-06-19T15:04:39Z
2026-06-19,CASH,Cash,10.0,100.0,USD,1.0,1.0,1.0,2026-06-19,100.0,100.0,0.0,0.0,cash,2026-06-19T15:04:39Z
2026-06-19,CEG,Constellation Energy,5.0,0.1687260186663456,USD,274.0599975585937,1.0,274.0599975585937,2026-06-18,46.24105226376993,50.0,-3.75894773623007,-7.51789547246014,yfinance,2026-06-19T15:04:39Z
2026-06-19,GOOGL,Alphabet,15.0,0.3891454452478011,USD,368.0299987792969,1.0,368.0299987792969,2026-06-18,143.2171977395172,150.0,-6.782802260482811,-4.521868173655207,yfinance,2026-06-19T15:04:39Z
2026-06-19,MCO,Moody's,2.0,0.0444681598313336,USD,450.6700134277344,1.0,450.6700134277344,2026-06-18,20.04046618829378,20.0,0.0404661882937809,0.2023309414689045,yfinance,2026-06-19T15:04:39Z
2026-06-19,MSCI,MSCI,2.0,0.0339052007771873,USD,581.1900024414062,1.0,581.1900024414062,2026-06-18,19.70536372246988,20.0,-0.2946362775301239,-1.4731813876506197,yfinance,2026-06-19T15:04:39Z
2026-06-19,MSFT,Microsoft,18.0,0.4293689203419845,USD,379.3999938964844,1.0,379.3999938964844,2026-06-18,162.902565757089,180.0,-17.097434242910992,-9.498574579394996,yfinance,2026-06-19T15:04:39Z
2026-06-19,NVDA,NVIDIA,7.0,0.323166358553396,USD,210.69000244140625,1.0,210.69000244140625,2026-06-18,68.08792087259538,70.0,-1.912079127404624,-2.7315416105780344,yfinance,2026-06-19T15:04:39Z
2026-06-19,SPGI,S&P Global,2.0,0.047848035759865,USD,410.9200134277344,1.0,410.9200134277344,2026-06-18,19.661715496934445,20.0,-0.3382845030655552,-1.6914225153277764,yfinance,2026-06-19T15:04:39Z
2026-06-19,TER,Teradyne,7.0,0.1958589848780872,USD,437.9200134277344,1.0,437.9200134277344,2026-06-18,85.77056928775438,70.0,15.770569287754384,22.529384696791976,yfinance,2026-06-19T15:04:39Z
2026-06-19,TSM,TSMC,7.0,0.1719669363096472,USD,462.1199951171875,1.0,462.1199951171875,2026-06-18,79.46935976773187,70.0,9.469359767731872,13.527656811045532,yfinance,2026-06-19T15:04:39Z
2026-06-19,VEEV,Veeva Systems,2.0,0.1251407776463619,USD,153.3000030517578,1.0,153.3000030517578,2026-06-18,19.184081595086635,20.0,-0.815918404913365,-4.079592024566825,yfinance,2026-06-19T15:04:39Z
2026-06-19,VRT,Vertiv,5.0,0.1522672617580549,USD,333.04998779296875,1.0,333.04998779296875,2026-06-18,50.71260966978897,50.0,0.7126096697889679,1.4252193395779358,yfinance,2026-06-19T15:04:39Z
2026-06-20,000660.KS,SK Hynix,8.0,0.0625538166478737,KRW,2764000.0,0.0006536417588357,1806.665821421912,2026-06-19,113.01384253720644,80.0,33.01384253720643,41.26730317150803,yfinance,2026-06-20T14:48:01Z
2026-06-20,AVGO,Broadcom,10.0,0.2417444256507892,USD,411.3500061035156,1.0,411.3500061035156,2026-06-18,99.44157096694305,100.0,-0.5584290330569672,-0.5584290330569672,yfinance,2026-06-20T14:48:01Z
2026-06-20,CASH,Cash,10.0,100.0,USD,1.0,1.0,1.0,2026-06-20,100.0,100.0,0.0,0.0,cash,2026-06-20T14:48:01Z
2026-06-20,CEG,Constellation Energy,5.0,0.1687260186663456,USD,274.0599975585937,1.0,274.0599975585937,2026-06-18,46.24105226376993,50.0,-3.75894773623007,-7.51789547246014,yfinance,2026-06-20T14:48:01Z
2026-06-20,GOOGL,Alphabet,15.0,0.3891454452478011,USD,368.0299987792969,1.0,368.0299987792969,2026-06-18,143.2171977395172,150.0,-6.782802260482811,-4.521868173655207,yfinance,2026-06-20T14:48:01Z
2026-06-20,MCO,Moody's,2.0,0.0444681598313336,USD,450.6700134277344,1.0,450.6700134277344,2026-06-18,20.04046618829378,20.0,0.0404661882937809,0.2023309414689045,yfinance,2026-06-20T14:48:01Z
2026-06-20,MSCI,MSCI,2.0,0.0339052007771873,USD,581.1900024414062,1.0,581.1900024414062,2026-06-18,19.70536372246988,20.0,-0.2946362775301239,-1.4731813876506197,yfinance,2026-06-20T14:48:01Z
2026-06-20,MSFT,Microsoft,18.0,0.4293689203419845,USD,379.3999938964844,1.0,379.3999938964844,2026-06-18,162.902565757089,180.0,-17.097434242910992,-9.498574579394996,yfinance,2026-06-20T14:48:01Z
2026-06-20,NVDA,NVIDIA,7.0,0.323166358553396,USD,210.69000244140625,1.0,210.69000244140625,2026-06-18,68.08792087259538,70.0,-1.912079127404624,-2.7315416105780344,yfinance,2026-06-20T14:48:01Z
2026-06-20,SPGI,S&P Global,2.0,0.047848035759865,USD,418.0199890136719,1.0,418.0199890136719,2026-06-17,20.00143538266455,20.0,0.0014353826645496,0.0071769133227483,yfinance,2026-06-20T14:48:01Z
2026-06-20,TER,Teradyne,7.0,0.1958589848780872,USD,437.9200134277344,1.0,437.9200134277344,2026-06-18,85.77056928775438,70.0,15.770569287754384,22.529384696791976,yfinance,2026-06-20T14:48:01Z
2026-06-20,TSM,TSMC,7.0,0.1719669363096472,USD,462.1199951171875,1.0,462.1199951171875,2026-06-18,79.46935976773187,70.0,9.469359767731872,13.527656811045532,yfinance,2026-06-20T14:48:01Z
2026-06-20,VEEV,Veeva Systems,2.0,0.1251407776463619,USD,153.3000030517578,1.0,153.3000030517578,2026-06-18,19.184081595086635,20.0,-0.815918404913365,-4.079592024566825,yfinance,2026-06-20T14:48:01Z
2026-06-20,VRT,Vertiv,5.0,0.1522672617580549,USD,333.04998779296875,1.0,333.04998779296875,2026-06-18,50.71260966978897,50.0,0.7126096697889679,1.4252193395779358,yfinance,2026-06-20T14:48:01Z
2026-06-21,000660.KS,SK Hynix,8.0,0.0625538166478737,KRW,2764000.0,0.0006536417588357,1806.665821421912,2026-06-19,113.01384253720644,80.0,33.01384253720643,41.26730317150803,yfinance,2026-06-21T14:49:21Z
2026-06-21,AVGO,Broadcom,10.0,0.2417444256507892,USD,411.3500061035156,1.0,411.3500061035156,2026-06-18,99.44157096694305,100.0,-0.5584290330569672,-0.5584290330569672,yfinance,2026-06-21T14:49:21Z
2026-06-21,CASH,Cash,10.0,100.0,USD,1.0,1.0,1.0,2026-06-21,100.0,100.0,0.0,0.0,cash,2026-06-21T14:49:21Z
2026-06-21,CEG,Constellation Energy,5.0,0.1687260186663456,USD,274.0599975585937,1.0,274.0599975585937,2026-06-18,46.24105226376993,50.0,-3.75894773623007,-7.51789547246014,yfinance,2026-06-21T14:49:21Z
2026-06-21,GOOGL,Alphabet,15.0,0.3891454452478011,USD,368.0299987792969,1.0,368.0299987792969,2026-06-18,143.2171977395172,150.0,-6.782802260482811,-4.521868173655207,yfinance,2026-06-21T14:49:21Z
2026-06-21,MCO,Moody's,2.0,0.0444681598313336,USD,450.6700134277344,1.0,450.6700134277344,2026-06-18,20.04046618829378,20.0,0.0404661882937809,0.2023309414689045,yfinance,2026-06-21T14:49:21Z
2026-06-21,MSCI,MSCI,2.0,0.0339052007771873,USD,581.1900024414062,1.0,581.1900024414062,2026-06-18,19.70536372246988,20.0,-0.2946362775301239,-1.4731813876506197,yfinance,2026-06-21T14:49:21Z
2026-06-21,MSFT,Microsoft,18.0,0.4293689203419845,USD,379.3999938964844,1.0,379.3999938964844,2026-06-18,162.902565757089,180.0,-17.097434242910992,-9.498574579394996,yfinance,2026-06-21T14:49:21Z
2026-06-21,NVDA,NVIDIA,7.0,0.323166358553396,USD,210.69000244140625,1.0,210.69000244140625,2026-06-18,68.08792087259538,70.0,-1.912079127404624,-2.7315416105780344,yfinance,2026-06-21T14:49:21Z
2026-06-21,SPGI,S&P Global,2.0,0.047848035759865,USD,410.9200134277344,1.0,410.9200134277344,2026-06-18,19.661715496934445,20.0,-0.3382845030655552,-1.6914225153277764,yfinance,2026-06-21T14:49:21Z
2026-06-21,TER,Teradyne,7.0,0.1958589848780872,USD,437.9200134277344,1.0,437.9200134277344,2026-06-18,85.77056928775438,70.0,15.770569287754384,22.529384696791976,yfinance,2026-06-21T14:49:21Z
2026-06-21,TSM,TSMC,7.0,0.1719669363096472,USD,462.1199951171875,1.0,462.1199951171875,2026-06-18,79.46935976773187,70.0,9.469359767731872,13.527656811045532,yfinance,2026-06-21T14:49:21Z
2026-06-21,VEEV,Veeva Systems,2.0,0.1251407776463619,USD,153.3000030517578,1.0,153.3000030517578,2026-06-18,19.184081595086635,20.0,-0.815918404913365,-4.079592024566825,yfinance,2026-06-21T14:49:21Z
2026-06-21,VRT,Vertiv,5.0,0.1522672617580549,USD,333.04998779296875,1.0,333.04998779296875,2026-06-18,50.71260966978897,50.0,0.7126096697889679,1.4252193395779358,yfinance,2026-06-21T14:49:21Z
2026-06-22,000660.KS,SK Hynix,8.0,0.0625538166478737,KRW,2764000.0,0.0006506180871828,1798.3083929733248,2026-06-19,112.49105349038578,80.0,32.49105349038578,40.61381686298223,yfinance,2026-06-22T15:40:55Z
2026-06-22,AVGO,Broadcom,10.0,0.2417444256507892,USD,396.760009765625,1.0,396.760009765625,2026-06-22,95.91452068199254,100.0,-4.085479318007458,-4.085479318007458,yfinance,2026-06-22T15:40:55Z
2026-06-22,CASH,Cash,10.0,100.0,USD,1.0,1.0,1.0,2026-06-22,100.0,100.0,0.0,0.0,cash,2026-06-22T15:40:55Z
2026-06-22,CEG,Constellation Energy,5.0,0.1687260186663456,USD,274.5249938964844,1.0,274.5249938964844,2026-06-22,46.31950924455665,50.0,-3.6804907554433512,-7.3609815108867025,yfinance,2026-06-22T15:40:55Z
2026-06-22,GOOGL,Alphabet,15.0,0.3891454452478011,USD,346.6700134277344,1.0,346.6700134277344,2026-06-22,134.9050567293969,150.0,-15.094943270603096,-10.063295513735396,yfinance,2026-06-22T15:40:55Z
2026-06-22,MCO,Moody's,2.0,0.0444681598313336,USD,448.5499877929688,1.0,448.5499877929688,2026-06-22,19.946192549520497,20.0,-0.0538074504795034,-0.2690372523975171,yfinance,2026-06-22T15:40:55Z
2026-06-22,MSCI,MSCI,2.0,0.0339052007771873,USD,572.7949829101562,1.0,572.7949829101562,2026-06-22,19.420728899734435,20.0,-0.579271100265565,-2.8963555013278253,yfinance,2026-06-22T15:40:55Z
2026-06-22,MSFT,Microsoft,18.0,0.4293689203419845,USD,371.3355102539063,1.0,371.3355102539063,2026-06-22,159.43992712235965,180.0,-20.56007287764035,-11.422262709800195,yfinance,2026-06-22T15:40:55Z
2026-06-22,NVDA,NVIDIA,7.0,0.323166358553396,USD,210.72000122070312,1.0,210.72000122070312,2026-06-22,68.0976154688618,70.0,-1.902384531138196,-2.71769218734028,yfinance,2026-06-22T15:40:55Z
2026-06-22,SPGI,S&P Global,2.0,0.047848035759865,USD,405.9200134277344,1.0,405.9200134277344,2026-06-22,19.42247531813512,20.0,-0.5775246818648796,-2.887623409324398,yfinance,2026-06-22T15:40:55Z
2026-06-22,TER,Teradyne,7.0,0.1958589848780872,USD,447.1799926757813,1.0,447.1799926757813,2026-06-22,87.58421942326899,70.0,17.58421942326899,25.12031346181284,yfinance,2026-06-22T15:40:55Z
2026-06-22,TSM,TSMC,7.0,0.1719669363096472,USD,470.05999755859375,1.0,470.05999755859375,2026-06-22,80.83477766187163,70.0,10.834777661871628,15.478253802673752,yfinance,2026-06-22T15:40:55Z
2026-06-22,VEEV,Veeva Systems,2.0,0.1251407776463619,USD,152.13999938964844,1.0,152.13999938964844,2026-06-22,19.03891783473764,20.0,-0.9610821652623578,-4.805410826311789,yfinance,2026-06-22T15:40:55Z
2026-06-22,VRT,Vertiv,5.0,0.1522672617580549,USD,346.8099975585937,1.0,346.8099975585937,2026-06-22,52.80780867856478,50.0,2.8078086785647827,5.615617357129565,yfinance,2026-06-22T15:40:55Z
2026-06-23,000660.KS,SK Hynix,8.0,0.0625538166478737,KRW,2919000.0,0.0006523753046959,1904.283514407564,2026-06-22,119.1202018058193,80.0,39.120201805819306,48.90025225727413,yfinance,2026-06-23T15:03:30Z
2026-06-23,AVGO,Broadcom,10.0,0.2417444256507892,USD,382.2560119628906,1.0,382.2560119628906,2026-06-23,92.40826006353022,100.0,-7.591739936469779,-7.591739936469779,yfinance,2026-06-23T15:03:30Z
2026-06-23,CASH,Cash,10.0,100.0,USD,1.0,1.0,1.0,2026-06-23,100.0,100.0,0.0,0.0,cash,2026-06-23T15:03:30Z
2026-06-23,CEG,Constellation Energy,5.0,0.1687260186663456,USD,274.4599914550781,1.0,274.4599914550781,2026-06-23,46.30854164141458,50.0,-3.6914583585854217,-7.382916717170844,yfinance,2026-06-23T15:03:30Z
2026-06-23,GOOGL,Alphabet,15.0,0.3891454452478011,USD,346.7099914550781,1.0,346.7099914550781,2026-06-23,134.92061399664772,150.0,-15.079386003352283,-10.052924002234857,yfinance,2026-06-23T15:03:30Z
2026-06-23,MCO,Moody's,2.0,0.0444681598313336,USD,447.6650085449219,1.0,447.6650085449219,2026-06-23,19.906839150870937,20.0,-0.0931608491290632,-0.4658042456453159,yfinance,2026-06-23T15:03:30Z
2026-06-23,MSCI,MSCI,2.0,0.0339052007771873,USD,586.9450073242188,1.0,586.9450073242188,2026-06-23,19.900488318495327,20.0,-0.0995116815046728,-0.4975584075233641,yfinance,2026-06-23T15:03:30Z
2026-06-23,MSFT,Microsoft,18.0,0.4293689203419845,USD,374.0499877929688,1.0,374.0499877929688,2026-06-23,160.60543941259948,180.0,-19.39456058740052,-10.774755881889178,yfinance,2026-06-23T15:03:30Z
2026-06-23,NVDA,NVIDIA,7.0,0.323166358553396,USD,201.9393005371093,1.0,201.9393005371093,2026-06-23,65.25998840339749,70.0,-4.740011596602514,-6.771445138003592,yfinance,2026-06-23T15:03:30Z
2026-06-23,SPGI,S&P Global,2.0,0.047848035759865,USD,403.864990234375,1.0,403.864990234375,2026-06-23,19.324146494891902,20.0,-0.675853505108094,-3.3792675255404707,yfinance,2026-06-23T15:03:30Z
2026-06-23,TER,Teradyne,7.0,0.1958589848780872,USD,415.2200012207031,1.0,415.2200012207031,2026-06-23,81.32456794016505,70.0,11.324567940165052,16.177954200235792,yfinance,2026-06-23T15:03:30Z
2026-06-23,TSM,TSMC,7.0,0.1719669363096472,USD,441.7950134277344,1.0,441.7950134277344,2026-06-23,75.97413493604694,70.0,5.974134936046937,8.534478480067055,yfinance,2026-06-23T15:03:30Z
2026-06-23,VEEV,Veeva Systems,2.0,0.1251407776463619,USD,158.83999633789062,1.0,158.83999633789062,2026-06-23,19.87736066306892,20.0,-0.1226393369310798,-0.6131966846553993,yfinance,2026-06-23T15:03:30Z
2026-06-23,VRT,Vertiv,5.0,0.1522672617580549,USD,324.0299987792969,1.0,324.0299987792969,2026-06-23,49.33916064158941,50.0,-0.6608393584105912,-1.3216787168211823,yfinance,2026-06-23T15:03:30Z
2026-06-24,000660.KS,SK Hynix,8.0,0.0625538166478737,KRW,2580000.0,0.0006482646141452,1672.5227044947635,2026-06-24,104.62267859637132,80.0,24.62267859637132,30.778348245464144,yfinance,2026-06-24T14:59:05Z
2026-06-24,AVGO,Broadcom,10.0,0.2417444256507892,USD,384.3999938964844,1.0,384.3999938964844,2026-06-24,92.9265557446725,100.0,-7.073444255327502,-7.073444255327502,yfinance,2026-06-24T14:59:05Z
2026-06-24,CASH,Cash,10.0,100.0,USD,1.0,1.0,1.0,2026-06-24,100.0,100.0,0.0,0.0,cash,2026-06-24T14:59:05Z
2026-06-24,CEG,Constellation Energy,5.0,0.1687260186663456,USD,271.7049865722656,1.0,271.7049865722656,2026-06-24,45.84370063613128,50.0,-4.156299363868719,-8.312598727737438,yfinance,2026-06-24T14:59:05Z
2026-06-24,GOOGL,Alphabet,15.0,0.3891454452478011,USD,353.0,1.0,353.0,2026-06-24,137.3683421724738,150.0,-12.631657827526196,-8.421105218350798,yfinance,2026-06-24T14:59:05Z
2026-06-24,MCO,Moody's,2.0,0.0444681598313336,USD,451.114990234375,1.0,451.114990234375,2026-06-24,20.060253488052712,20.0,0.0602534880527123,0.3012674402635618,yfinance,2026-06-24T14:59:05Z
2026-06-24,MSCI,MSCI,2.0,0.0339052007771873,USD,585.0750122070312,1.0,585.0750122070312,2026-06-24,19.837085758594725,20.0,-0.1629142414052751,-0.8145712070263756,yfinance,2026-06-24T14:59:05Z
2026-06-24,MSFT,Microsoft,18.0,0.4293689203419845,USD,375.3299865722656,1.0,375.3299865722656,2026-06-24,161.15503110650522,180.0,-18.84496889349478,-10.469427163052655,yfinance,2026-06-24T14:59:05Z
2026-06-24,NVDA,NVIDIA,7.0,0.323166358553396,USD,201.19290161132807,1.0,201.19290161132807,2026-06-24,65.0187773805246,70.0,-4.981222619475403,-7.11603231353629,yfinance,2026-06-24T14:59:05Z
2026-06-24,SPGI,S&P Global,2.0,0.047848035759865,USD,401.0150146484375,1.0,401.0150146484375,2026-06-24,19.187780761141227,20.0,-0.8122192388587735,-4.061096194293867,yfinance,2026-06-24T14:59:05Z
2026-06-24,TER,Teradyne,7.0,0.1958589848780872,USD,432.3829956054688,1.0,432.3829956054688,2026-06-24,84.68609459783356,70.0,14.68609459783356,20.980135139762226,yfinance,2026-06-24T14:59:05Z
2026-06-24,TSM,TSMC,7.0,0.1719669363096472,USD,441.5799865722656,1.0,441.5799865722656,2026-06-24,75.93715742648769,70.0,5.937157426487687,8.48165346641098,yfinance,2026-06-24T14:59:05Z
2026-06-24,VEEV,Veeva Systems,2.0,0.1251407776463619,USD,163.63999938964844,1.0,163.63999938964844,2026-06-24,20.478036777670805,20.0,0.4780367776708054,2.390183888354027,yfinance,2026-06-24T14:59:05Z
2026-06-24,VRT,Vertiv,5.0,0.1522672617580549,USD,322.20001220703125,1.0,322.20001220703125,2026-06-24,49.06051359717652,50.0,-0.9394864028234836,-1.8789728056469672,yfinance,2026-06-24T14:59:05Z
2026-06-25,000660.KS,SK Hynix,8.0,0.0625538166478737,KRW,2621000.0,0.0006494434146263,1702.1911897356229,2026-06-24,106.47855558234816,80.0,26.478555582348164,33.09819447793521,yfinance,2026-06-25T15:01:08Z
2026-06-25,AVGO,Broadcom,10.0,0.2417444256507892,USD,382.218505859375,1.0,382.218505859375,2026-06-25,92.39919317207745,100.0,-7.600806827922568,-7.600806827922568,yfinance,2026-06-25T15:01:08Z
2026-06-25,CASH,Cash,10.0,100.0,USD,1.0,1.0,1.0,2026-06-25,100.0,100.0,0.0,0.0,cash,2026-06-25T15:01:08Z
2026-06-25,CEG,Constellation Energy,5.0,0.1687260186663456,USD,271.95001220703125,1.0,271.95001220703125,2026-06-25,45.88504283595648,50.0,-4.114957164043517,-8.229914328087034,yfinance,2026-06-25T15:01:08Z
2026-06-25,GOOGL,Alphabet,15.0,0.3891454452478011,USD,341.5700988769531,1.0,341.5700988769531,2026-06-25,132.9204482108074,150.0,-17.079551789192607,-11.386367859461735,yfinance,2026-06-25T15:01:08Z
2026-06-25,MCO,Moody's,2.0,0.0444681598313336,USD,452.7950134277344,1.0,452.7950134277344,2026-06-25,20.134961027935365,20.0,0.1349610279353648,0.674805139676824,yfinance,2026-06-25T15:01:08Z
2026-06-25,MSCI,MSCI,2.0,0.0339052007771873,USD,572.22998046875,1.0,572.22998046875,2026-06-25,19.40157237851896,20.0,-0.5984276214810471,-2.992138107405236,yfinance,2026-06-25T15:01:08Z
2026-06-25,MSFT,Microsoft,18.0,0.4293689203419845,USD,355.45001220703125,1.0,355.45001220703125,2026-06-25,152.6191879768782,180.0,-27.38081202312179,-15.21156223506766,yfinance,2026-06-25T15:01:08Z
2026-06-25,NVDA,NVIDIA,7.0,0.323166358553396,USD,195.68020629882807,1.0,195.68020629882807,2026-06-25,63.2372597105696,70.0,-6.762740289430404,-9.66105755632915,yfinance,2026-06-25T15:01:08Z
2026-06-25,SPGI,S&P Global,2.0,0.047848035759865,USD,407.1375122070313,1.0,407.1375122070313,2026-06-25,19.480730243264507,20.0,-0.5192697567354934,-2.596348783677467,yfinance,2026-06-25T15:01:08Z
2026-06-25,TER,Teradyne,7.0,0.1958589848780872,USD,453.4700012207031,1.0,453.4700012207031,2026-06-25,88.81617411175189,70.0,18.81617411175189,26.88024873107413,yfinance,2026-06-25T15:01:08Z
2026-06-25,TSM,TSMC,7.0,0.1719669363096472,USD,440.8800048828125,1.0,440.8800048828125,2026-06-25,75.81678371987958,70.0,5.816783719879581,8.309691028399403,yfinance,2026-06-25T15:01:08Z
2026-06-25,VEEV,Veeva Systems,2.0,0.1251407776463619,USD,159.77000427246094,1.0,159.77000427246094,2026-06-25,19.99374257921834,20.0,-0.0062574207816616,-0.0312871039083084,yfinance,2026-06-25T15:01:08Z
2026-06-25,VRT,Vertiv,5.0,0.1522672617580549,USD,330.42498779296875,1.0,330.42498779296875,2026-06-25,50.31290810767407,50.0,0.3129081076740689,0.6258162153481379,yfinance,2026-06-25T15:01:08Z
2026-06-26,000660.KS,SK Hynix,8.0,0.0625538166478737,KRW,2673000.0,0.0006512197531994,1740.7104003022068,2026-06-26,108.8880792175511,80.0,28.88807921755109,36.11009902193887,yfinance,2026-06-26T14:56:10Z
2026-06-26,AVGO,Broadcom,10.0,0.2417444256507892,USD,366.2900085449219,1.0,366.2900085449219,2026-06-26,88.54856773731483,100.0,-11.451432262685174,-11.451432262685174,yfinance,2026-06-26T14:56:10Z
2026-06-26,CASH,Cash,10.0,100.0,USD,1.0,1.0,1.0,2026-06-26,100.0,100.0,0.0,0.0,cash,2026-06-26T14:56:10Z
2026-06-26,CEG,Constellation Energy,5.0,0.1687260186663456,USD,264.510009765625,1.0,264.510009765625,2026-06-26,44.62972084515011,50.0,-5.370279154849889,-10.74055830969978,yfinance,2026-06-26T14:56:10Z
2026-06-26,GOOGL,Alphabet,15.0,0.3891454452478011,USD,340.3099975585937,1.0,340.3099975585937,2026-06-26,132.4300855222171,150.0,-17.569914477782902,-11.713276318521936,yfinance,2026-06-26T14:56:10Z
2026-06-26,MCO,Moody's,2.0,0.0444681598313336,USD,440.80999755859375,1.0,440.80999755859375,2026-06-26,19.60200942668535,20.0,-0.3979905733146509,-1.9899528665732544,yfinance,2026-06-26T14:56:10Z
2026-06-26,MSCI,MSCI,2.0,0.0339052007771873,USD,559.0499877929688,1.0,559.0499877929688,2026-06-26,18.954702080604733,20.0,-1.0452979193952672,-5.226489596976336,yfinance,2026-06-26T14:56:10Z
2026-06-26,MSFT,Microsoft,18.0,0.4293689203419845,USD,368.7699890136719,1.0,368.7699890136719,2026-06-26,158.33837203732577,180.0,-21.66162796267423,-12.03423775704124,yfinance,2026-06-26T14:56:10Z
2026-06-26,NVDA,NVIDIA,7.0,0.323166358553396,USD,193.09500122070312,1.0,193.09500122070312,2026-06-26,62.40180839935819,70.0,-7.598191600641812,-10.854559429488305,yfinance,2026-06-26T14:56:10Z
2026-06-26,SPGI,S&P Global,2.0,0.047848035759865,USD,401.9549865722656,1.0,401.9549865722656,2026-06-26,19.232756571365822,20.0,-0.767243428634174,-3.8362171431708703,yfinance,2026-06-26T14:56:10Z
2026-06-26,TER,Teradyne,7.0,0.1958589848780872,USD,424.6310119628906,1.0,424.6310119628906,2026-06-26,83.16779895080667,70.0,13.16779895080667,18.811141358295245,yfinance,2026-06-26T14:56:10Z
2026-06-26,TSM,TSMC,7.0,0.1719669363096472,USD,423.6000061035156,1.0,423.6000061035156,2026-06-26,72.84519527036946,70.0,2.8451952703694587,4.0645646719563695,yfinance,2026-06-26T14:56:10Z
2026-06-26,VEEV,Veeva Systems,2.0,0.1251407776463619,USD,166.44500732421875,1.0,166.44500732421875,2026-06-26,20.82905765190715,20.0,0.8290576519071493,4.1452882595357465,yfinance,2026-06-26T14:56:10Z
2026-06-26,VRT,Vertiv,5.0,0.1522672617580549,USD,303.00201416015625,1.0,303.00201416015625,2026-06-26,46.13728700334237,50.0,-3.862712996657628,-7.7254259933152545,yfinance,2026-06-26T14:56:10Z
2026-06-27,000660.KS,SK Hynix,8.0,0.0625538166478737,KRW,2673000.0,0.0006514657980456,1741.3680781758958,2026-06-26,108.9292194786752,80.0,28.9292194786752,36.161524348344,yfinance,2026-06-27T14:33:48Z
2026-06-27,AVGO,Broadcom,10.0,0.2417444256507892,USD,378.9100036621094,1.0,378.9100036621094,2026-06-25,91.59938120863508,100.0,-8.40061879136492,-8.40061879136492,yfinance,2026-06-27T14:33:48Z
2026-06-27,CASH,Cash,10.0,100.0,USD,1.0,1.0,1.0,2026-06-27,100.0,100.0,0.0,0.0,cash,2026-06-27T14:33:48Z
2026-06-27,CEG,Constellation Energy,5.0,0.1687260186663456,USD,268.69000244140625,1.0,268.69000244140625,2026-06-25,45.33499436738917,50.0,-4.6650056326108285,-9.330011265221655,yfinance,2026-06-27T14:33:48Z
2026-06-27,GOOGL,Alphabet,15.0,0.3891454452478011,USD,343.7099914550781,1.0,343.7099914550781,2026-06-25,133.7531776609043,150.0,-16.2468223390957,-10.831214892730468,yfinance,2026-06-27T14:33:48Z
2026-06-27,MCO,Moody's,2.0,0.0444681598313336,USD,438.8500061035156,1.0,438.8500061035156,2026-06-25,19.514852213392885,20.0,-0.485147786607115,-2.425738933035575,yfinance,2026-06-27T14:33:48Z
2026-06-27,MSCI,MSCI,2.0,0.0339052007771873,USD,544.5599975585938,1.0,544.5599975585938,2026-06-25,18.463416052448764,20.0,-1.536583947551236,-7.682919737756181,yfinance,2026-06-27T14:33:48Z
2026-06-27,MSFT,Microsoft,18.0,0.4293689203419845,USD,352.8299865722656,1.0,352.8299865722656,2026-06-25,151.49423039881057,180.0,-28.505769601189428,-15.83653866732746,yfinance,2026-06-27T14:33:48Z
2026-06-27,NVDA,NVIDIA,7.0,0.323166358553396,USD,195.7400054931641,1.0,195.7400054931641,2026-06-25,63.25658479844757,70.0,-6.743415201552431,-9.633450287932044,yfinance,2026-06-27T14:33:48Z
2026-06-27,SPGI,S&P Global,2.0,0.047848035759865,USD,395.1400146484375,1.0,395.1400146484375,2026-06-25,18.90667355105202,20.0,-1.0933264489479804,-5.466632244739902,yfinance,2026-06-27T14:33:48Z
2026-06-27,TER,Teradyne,7.0,0.1958589848780872,USD,471.9599914550781,1.0,471.9599914550781,2026-06-25,92.43760482946232,70.0,22.43760482946233,32.05372118494619,yfinance,2026-06-27T14:33:48Z
2026-06-27,TSM,TSMC,7.0,0.1719669363096472,USD,434.989990234375,1.0,434.989990234375,2026-06-25,74.80389594596885,70.0,4.803895945968847,6.862708494241209,yfinance,2026-06-27T14:33:48Z
2026-06-27,VEEV,Veeva Systems,2.0,0.1251407776463619,USD,158.0800018310547,1.0,158.0800018310547,2026-06-25,19.782254359476507,20.0,-0.2177456405234927,-1.0887282026174638,yfinance,2026-06-27T14:33:48Z
2026-06-27,VRT,Vertiv,5.0,0.1522672617580549,USD,325.57000732421875,1.0,325.57000732421875,2026-06-25,49.57365352580867,50.0,-0.4263464741913267,-0.8526929483826535,yfinance,2026-06-27T14:33:48Z
2026-06-28,000660.KS,SK Hynix,8.0,0.0625538166478737,KRW,2673000.0,0.0006514657980456,1741.3680781758958,2026-06-26,108.9292194786752,80.0,28.9292194786752,36.161524348344,yfinance,2026-06-28T14:35:58Z
2026-06-28,AVGO,Broadcom,10.0,0.2417444256507892,USD,365.0199890136719,1.0,365.0199890136719,2026-06-26,88.2415475951675,100.0,-11.758452404832497,-11.758452404832497,yfinance,2026-06-28T14:35:58Z
2026-06-28,CASH,Cash,10.0,100.0,USD,1.0,1.0,1.0,2026-06-28,100.0,100.0,0.0,0.0,cash,2026-06-28T14:35:58Z
2026-06-28,CEG,Constellation Energy,5.0,0.1687260186663456,USD,264.0199890136719,1.0,264.0199890136719,2026-06-26,44.547041594609176,50.0,-5.452958405390824,-10.905916810781648,yfinance,2026-06-28T14:35:58Z
2026-06-28,GOOGL,Alphabet,15.0,0.3891454452478011,USD,337.3900146484375,1.0,337.3900146484375,2026-06-26,131.29378747252835,150.0,-18.70621252747165,-12.470808351647769,yfinance,2026-06-28T14:35:58Z
2026-06-28,MCO,Moody's,2.0,0.0444681598313336,USD,450.010009765625,1.0,450.010009765625,2026-06-26,20.011117039957835,20.0,0.0111170399578348,0.0555851997891743,yfinance,2026-06-28T14:35:58Z
2026-06-28,MSCI,MSCI,2.0,0.0339052007771873,USD,554.8499755859375,1.0,554.8499755859375,2026-06-26,18.8122998234587,20.0,-1.1877001765412984,-5.938500882706492,yfinance,2026-06-28T14:35:58Z
2026-06-28,MSFT,Microsoft,18.0,0.4293689203419845,USD,372.9700012207031,1.0,372.9700012207031,2026-06-26,160.14172674408192,180.0,-19.85827325591808,-11.0323740310656,yfinance,2026-06-28T14:35:58Z
2026-06-28,NVDA,NVIDIA,7.0,0.323166358553396,USD,192.52999877929688,1.0,192.52999877929688,2026-06-26,62.21921861779516,70.0,-7.780781382204843,-11.115401974578347,yfinance,2026-06-28T14:35:58Z
2026-06-28,SPGI,S&P Global,2.0,0.047848035759865,USD,408.1600036621094,1.0,408.1600036621094,2026-06-26,19.529654450971243,20.0,-0.4703455490287567,-2.3517277451437835,yfinance,2026-06-28T14:35:58Z
2026-06-28,TER,Teradyne,7.0,0.1958589848780872,USD,436.8599853515625,1.0,436.8599853515625,2026-06-26,85.56295326481309,70.0,15.562953264813087,22.23279037830441,yfinance,2026-06-28T14:35:58Z
2026-06-28,TSM,TSMC,7.0,0.1719669363096472,USD,432.3500061035156,1.0,432.3500061035156,2026-06-26,74.34990596307887,70.0,4.349905963078868,6.214151375826954,yfinance,2026-06-28T14:35:58Z
2026-06-28,VEEV,Veeva Systems,2.0,0.1251407776463619,USD,171.36000061035156,1.0,171.36000061035156,2026-06-26,21.44412373386045,20.0,1.444123733860458,7.220618669302289,yfinance,2026-06-28T14:35:58Z
2026-06-28,VRT,Vertiv,5.0,0.1522672617580549,USD,303.95001220703125,1.0,303.95001220703125,2026-06-26,46.28163607009201,50.0,-3.718363929907987,-7.436727859815974,yfinance,2026-06-28T14:35:58Z
2026-06-29,000660.KS,SK Hynix,8.0,0.0625538166478737,KRW,2673000.0,0.0006478404382918,1731.6774915542312,2026-06-26,108.32303629993324,80.0,28.32303629993325,35.40379537491656,yfinance,2026-06-29T15:11:47Z
2026-06-29,AVGO,Broadcom,10.0,0.2417444256507892,USD,370.0899963378906,1.0,370.0899963378906,2026-06-29,89.46719360380607,100.0,-10.532806396193934,-10.532806396193934,yfinance,2026-06-29T15:11:47Z
2026-06-29,CASH,Cash,10.0,100.0,USD,1.0,1.0,1.0,2026-06-29,100.0,100.0,0.0,0.0,cash,2026-06-29T15:11:47Z
2026-06-29,CEG,Constellation Energy,5.0,0.1687260186663456,USD,258.9849853515625,1.0,258.9849853515625,2026-06-29,43.69750547273099,50.0,-6.302494527269012,-12.604989054538024,yfinance,2026-06-29T15:11:47Z
2026-06-29,GOOGL,Alphabet,15.0,0.3891454452478011,USD,350.1700134277344,1.0,350.1700134277344,2026-06-29,136.2670657877642,150.0,-13.73293421223579,-9.15528947482386,yfinance,2026-06-29T15:11:47Z
2026-06-29,MCO,Moody's,2.0,0.0444681598313336,USD,450.05999755859375,1.0,450.05999755859375,2026-06-29,20.013339905125186,20.0,0.0133399051251856,0.0666995256259284,yfinance,2026-06-29T15:11:47Z
2026-06-29,MSCI,MSCI,2.0,0.0339052007771873,USD,554.469970703125,1.0,554.469970703125,2026-06-29,18.79941568161064,20.0,-1.2005843183893674,-6.002921591946837,yfinance,2026-06-29T15:11:47Z
2026-06-29,MSFT,Microsoft,18.0,0.4293689203419845,USD,372.7449951171875,1.0,372.7449951171875,2026-06-29,160.04511611634507,180.0,-19.95488388365493,-11.086046602030516,yfinance,2026-06-29T15:11:47Z
2026-06-29,NVDA,NVIDIA,7.0,0.323166358553396,USD,194.6450042724609,1.0,194.6450042724609,2026-06-29,62.90271724134141,70.0,-7.0972827586585865,-10.138975369512266,yfinance,2026-06-29T15:11:47Z
2026-06-29,SPGI,S&P Global,2.0,0.047848035759865,USD,406.3999938964844,1.0,406.3999938964844,2026-06-29,19.445441440767905,20.0,-0.5545585592320954,-2.772792796160477,yfinance,2026-06-29T15:11:47Z
2026-06-29,TER,Teradyne,7.0,0.1958589848780872,USD,452.125,1.0,452.125,2026-06-29,88.55274353800519,70.0,18.55274353800519,26.50391934000741,yfinance,2026-06-29T15:11:47Z
2026-06-29,TSM,TSMC,7.0,0.1719669363096472,USD,441.1600036621094,1.0,441.1600036621094,2026-06-29,75.8649342521257,70.0,5.864934252125707,8.378477503036724,yfinance,2026-06-29T15:11:47Z
2026-06-29,VEEV,Veeva Systems,2.0,0.1251407776463619,USD,175.0800018310547,1.0,175.0800018310547,2026-06-29,21.90964757946466,20.0,1.9096475794646608,9.548237897323304,yfinance,2026-06-29T15:11:47Z
2026-06-29,VRT,Vertiv,5.0,0.1522672617580549,USD,301.6000061035156,1.0,301.6000061035156,2026-06-29,45.92380707559497,50.0,-4.076192924405028,-8.152385848810056,yfinance,2026-06-29T15:11:47Z
2026-06-30,000660.KS,SK Hynix,8.0,0.0625538166478737,KRW,2650000.0,0.0006447453255963,1708.575112830432,2026-06-30,106.87789433711498,80.0,26.87789433711498,33.597367921393726,yfinance,2026-06-30T14:54:16Z
2026-06-30,AVGO,Broadcom,10.0,0.2417444256507892,USD,374.7749938964844,1.0,374.7749938964844,2026-06-30,90.59976564778366,100.0,-9.400234352216344,-9.400234352216344,yfinance,2026-06-30T14:54:16Z
2026-06-30,CASH,Cash,10.0,100.0,USD,1.0,1.0,1.0,2026-06-30,100.0,100.0,0.0,0.0,cash,2026-06-30T14:54:16Z
2026-06-30,CEG,Constellation Energy,5.0,0.1687260186663456,USD,254.6600036621093,1.0,254.6600036621093,2026-06-30,42.96776853146472,50.0,-7.032231468535279,-14.06446293707056,yfinance,2026-06-30T14:54:16Z
2026-06-30,GOOGL,Alphabet,15.0,0.3891454452478011,USD,354.2349853515625,1.0,354.2349853515625,2026-06-30,137.8489310969821,150.0,-12.151068903017888,-8.100712602011924,yfinance,2026-06-30T14:54:16Z
2026-06-30,MCO,Moody's,2.0,0.0444681598313336,USD,454.7001037597656,1.0,454.7001037597656,2026-06-30,20.21967688931326,20.0,0.2196768893132592,1.0983844465662962,yfinance,2026-06-30T14:54:16Z
2026-06-30,MSCI,MSCI,2.0,0.0339052007771873,USD,557.010009765625,1.0,557.010009765625,2026-06-30,18.885536216006592,20.0,-1.1144637839934075,-5.572318919967039,yfinance,2026-06-30T14:54:16Z
2026-06-30,MSFT,Microsoft,18.0,0.4293689203419845,USD,371.3550109863281,1.0,371.3550109863281,2026-06-30,159.4483001307855,180.0,-20.551699869214502,-11.4176110384525,yfinance,2026-06-30T14:54:16Z
2026-06-30,NVDA,NVIDIA,7.0,0.323166358553396,USD,196.6699981689453,1.0,196.6699981689453,2026-06-30,63.55712714496112,70.0,-6.442872855038878,-9.204104078626967,yfinance,2026-06-30T14:54:16Z
2026-06-30,SPGI,S&P Global,2.0,0.047848035759865,USD,410.2301025390625,1.0,410.2301025390625,2026-06-30,19.62870461606215,20.0,-0.3712953839378485,-1.8564769196892428,yfinance,2026-06-30T14:54:16Z
2026-06-30,TER,Teradyne,7.0,0.1958589848780872,USD,481.5799865722656,1.0,481.5799865722656,2026-06-30,94.32176730764682,70.0,24.321767307646823,34.745381868066886,yfinance,2026-06-30T14:54:16Z
2026-06-30,TSM,TSMC,7.0,0.1719669363096472,USD,465.7200012207031,1.0,465.7200012207031,2026-06-30,80.0884417880495,70.0,10.088441788049494,14.41205969721356,yfinance,2026-06-30T14:54:16Z
2026-06-30,VEEV,Veeva Systems,2.0,0.1251407776463619,USD,173.84500122070312,1.0,173.84500122070312,2026-06-30,21.755098642691536,20.0,1.7550986426915358,8.775493213457679,yfinance,2026-06-30T14:54:16Z
2026-06-30,VRT,Vertiv,5.0,0.1522672617580549,USD,325.1499938964844,1.0,325.1499938964844,2026-06-30,49.50969923126594,50.0,-0.490300768734059,-0.9806015374681182,yfinance,2026-06-30T14:54:16Z
2026-07-01,000660.KS,SK Hynix,8.0,0.0625538166478737,KRW,2650000.0,0.0006440062218296,1706.616487848549,2026-06-30,106.75537486911632,80.0,26.755374869116324,33.4442185863954,yfinance,2026-07-01T15:01:43Z
2026-07-01,AVGO,Broadcom,10.0,0.2417444256507892,USD,370.7999877929688,1.0,370.7999877929688,2026-07-01,89.63883008033089,100.0,-10.36116991966911,-10.36116991966911,yfinance,2026-07-01T15:01:43Z
2026-07-01,CASH,Cash,10.0,100.0,USD,1.0,1.0,1.0,2026-07-01,100.0,100.0,0.0,0.0,cash,2026-07-01T15:01:43Z
2026-07-01,CEG,Constellation Energy,5.0,0.1687260186663456,USD,230.8600006103516,1.0,230.8600006103516,2026-07-01,38.95208877229474,50.0,-11.047911227705256,-22.09582245541052,yfinance,2026-07-01T15:01:43Z
2026-07-01,GOOGL,Alphabet,15.0,0.3891454452478011,USD,361.0700073242188,1.0,361.0700073242188,2026-07-01,140.50874876580994,150.0,-9.49125123419006,-6.327500822793374,yfinance,2026-07-01T15:01:43Z
2026-07-01,MCO,Moody's,2.0,0.0444681598313336,USD,468.0050048828125,1.0,468.0050048828125,2026-07-01,20.811321358993,20.0,0.8113213589929984,4.056606794964992,yfinance,2026-07-01T15:01:43Z
2026-07-01,MSCI,MSCI,2.0,0.0339052007771873,USD,579.0650024414062,1.0,579.0650024414062,2026-07-01,19.63331517081836,20.0,-0.3666848291816471,-1.833424145908236,yfinance,2026-07-01T15:01:43Z
2026-07-01,MSFT,Microsoft,18.0,0.4293689203419845,USD,385.4400024414063,1.0,385.4400024414063,2026-07-01,165.49595770487846,180.0,-14.504042295121536,-8.05780127506752,yfinance,2026-07-01T15:01:43Z
2026-07-01,NVDA,NVIDIA,7.0,0.323166358553396,USD,195.8300018310547,1.0,195.8300018310547,2026-07-01,63.285668587246825,70.0,-6.714331412753175,-9.59190201821882,yfinance,2026-07-01T15:01:43Z
2026-07-01,SPGI,S&P Global,2.0,0.047848035759865,USD,412.6600036621094,1.0,412.6600036621094,2026-07-01,19.74497061189064,20.0,-0.2550293881093637,-1.2751469405468183,yfinance,2026-07-01T15:01:43Z
2026-07-01,TER,Teradyne,7.0,0.1958589848780872,USD,433.3699951171875,1.0,433.3699951171875,2026-07-01,84.87940732027396,70.0,14.879407320273955,21.256296171819937,yfinance,2026-07-01T15:01:43Z
2026-07-01,TSM,TSMC,7.0,0.1719669363096472,USD,450.4400024414063,1.0,450.4400024414063,2026-07-01,77.46078721115866,70.0,7.46078721115866,10.658267444512372,yfinance,2026-07-01T15:01:43Z
2026-07-01,VEEV,Veeva Systems,2.0,0.1251407776463619,USD,187.759994506836,1.0,187.759994506836,2026-07-01,23.496431723462106,20.0,3.496431723462102,17.48215861731051,yfinance,2026-07-01T15:01:43Z
2026-07-01,VRT,Vertiv,5.0,0.1522672617580549,USD,312.8399963378906,1.0,312.8399963378906,2026-07-01,47.635289610770535,50.0,-2.364710389229465,-4.72942077845893,yfinance,2026-07-01T15:01:43Z
2026-07-02,000660.KS,SK Hynix,8.0,0.0625538166478737,KRW,2187000.0,0.0006479537845697,1417.0749268540696,2026-07-02,88.64344515072852,80.0,8.643445150728525,10.804306438410656,yfinance,2026-07-02T14:47:32Z
2026-07-02,AVGO,Broadcom,10.0,0.2417444256507892,USD,368.1400146484375,1.0,368.1400146484375,2026-07-02,88.99579640025966,100.0,-11.004203599740336,-11.004203599740336,yfinance,2026-07-02T14:47:32Z
2026-07-02,CASH,Cash,10.0,100.0,USD,1.0,1.0,1.0,2026-07-02,100.0,100.0,0.0,0.0,cash,2026-07-02T14:47:32Z
2026-07-02,CEG,Constellation Energy,5.0,0.1687260186663456,USD,241.8500061035156,1.0,241.8500061035156,2026-07-02,40.80638864427759,50.0,-9.19361135572241,-18.38722271144482,yfinance,2026-07-02T14:47:32Z
2026-07-02,GOOGL,Alphabet,15.0,0.3891454452478011,USD,361.9299926757813,1.0,361.9299926757813,2026-07-02,140.8434081483503,150.0,-9.156591851649694,-6.104394567766462,yfinance,2026-07-02T14:47:32Z
2026-07-02,MCO,Moody's,2.0,0.0444681598313336,USD,482.989990234375,1.0,482.989990234375,2026-07-02,21.47767608267647,20.0,1.4776760826764708,7.388380413382353,yfinance,2026-07-02T14:47:32Z
2026-07-02,MSCI,MSCI,2.0,0.0339052007771873,USD,598.0599975585938,1.0,598.0599975585938,2026-07-02,20.27734429402829,20.0,0.2773442940282855,1.3867214701414277,yfinance,2026-07-02T14:47:32Z
2026-07-02,MSFT,Microsoft,18.0,0.4293689203419845,USD,389.3226013183594,1.0,389.3226013183594,2026-07-02,167.16302499279684,180.0,-12.836975007203163,-7.131652781779536,yfinance,2026-07-02T14:47:32Z
2026-07-02,NVDA,NVIDIA,7.0,0.323166358553396,USD,196.7899932861328,1.0,196.7899932861328,2026-07-02,63.5959055300268,70.0,-6.404094469973202,-9.148706385676004,yfinance,2026-07-02T14:47:32Z
2026-07-02,SPGI,S&P Global,2.0,0.047848035759865,USD,428.9960021972656,1.0,428.9960021972656,2026-07-02,20.526616053973893,20.0,0.5266160539738927,2.633080269869464,yfinance,2026-07-02T14:47:32Z
2026-07-02,TER,Teradyne,7.0,0.1958589848780872,USD,396.7550048828125,1.0,396.7550048828125,2026-07-02,77.70803250164819,70.0,7.708032501648191,11.011475002354558,yfinance,2026-07-02T14:47:32Z
2026-07-02,TSM,TSMC,7.0,0.1719669363096472,USD,448.9200134277344,1.0,448.9200134277344,2026-07-02,77.19939935725318,70.0,7.199399357253185,10.284856224647406,yfinance,2026-07-02T14:47:32Z
2026-07-02,VEEV,Veeva Systems,2.0,0.1251407776463619,USD,189.56500244140625,1.0,189.56500244140625,2026-07-02,23.722311820052084,20.0,3.722311820052085,18.611559100260425,yfinance,2026-07-02T14:47:32Z
2026-07-02,VRT,Vertiv,5.0,0.1522672617580549,USD,306.2200012207031,1.0,306.2200012207031,2026-07-02,46.6272810814247,50.0,-3.372718918575302,-6.745437837150605,yfinance,2026-07-02T14:47:32Z
2026-07-03,000660.KS,SK Hynix,8.0,0.0625538166478737,KRW,2187000.0,0.0006532659950488,1428.6927311717927,2026-07-02,89.37018315187025,80.0,9.37018315187025,11.712728939837811,yfinance,2026-07-03T15:51:46Z
2026-07-03,AVGO,Broadcom,10.0,0.2417444256507892,USD,360.4500122070313,1.0,360.4500122070313,2026-07-02,87.13678117680874,100.0,-12.86321882319126,-12.86321882319126,yfinance,2026-07-03T15:51:46Z
2026-07-03,CASH,Cash,10.0,100.0,USD,1.0,1.0,1.0,2026-07-03,100.0,100.0,0.0,0.0,cash,2026-07-03T15:51:46Z
2026-07-03,CEG,Constellation Energy,5.0,0.1687260186663456,USD,239.25,1.0,239.25,2026-07-02,40.3676999659232,50.0,-9.632300034076806,-19.26460006815361,yfinance,2026-07-03T15:51:46Z
2026-07-03,GOOGL,Alphabet,15.0,0.3891454452478011,USD,359.9100036621094,1.0,359.9100036621094,2026-07-02,140.0573386242293,150.0,-9.942661375770712,-6.628440917180474,yfinance,2026-07-03T15:51:46Z
2026-07-03,MCO,Moody's,2.0,0.0444681598313336,USD,490.510009765625,1.0,490.510009765625,2026-07-02,21.812077513126848,20.0,1.812077513126848,9.06038756563424,yfinance,2026-07-03T15:51:46Z
2026-07-03,MSCI,MSCI,2.0,0.0339052007771873,USD,603.1099853515625,1.0,603.1099853515625,2026-07-02,20.44856514407124,20.0,0.4485651440712388,2.242825720356194,yfinance,2026-07-03T15:51:46Z
2026-07-03,MSFT,Microsoft,18.0,0.4293689203419845,USD,390.489990234375,1.0,390.489990234375,2026-07-02,167.66426551128566,180.0,-12.335734488714335,-6.853185827063521,yfinance,2026-07-03T15:51:46Z
2026-07-03,NVDA,NVIDIA,7.0,0.323166358553396,USD,194.8300018310547,1.0,194.8300018310547,2026-07-02,62.962502228693424,70.0,-7.037497771306576,-10.05356824472368,yfinance,2026-07-03T15:51:46Z
2026-07-03,SPGI,S&P Global,2.0,0.047848035759865,USD,439.8900146484375,1.0,439.8900146484375,2026-07-02,21.04787315130598,20.0,1.0478731513059785,5.239365756529892,yfinance,2026-07-03T15:51:46Z
2026-07-03,TER,Teradyne,7.0,0.1958589848780872,USD,369.0899963378906,1.0,369.0899963378906,2026-07-02,72.2895920113962,70.0,2.289592011396195,3.270845730565993,yfinance,2026-07-03T15:51:46Z
2026-07-03,TSM,TSMC,7.0,0.1719669363096472,USD,434.1600036621094,1.0,434.1600036621094,2026-07-02,74.66116569795817,70.0,4.661165697958168,6.65880813994024,yfinance,2026-07-03T15:51:46Z
2026-07-03,VEEV,Veeva Systems,2.0,0.1251407776463619,USD,192.7400054931641,1.0,192.7400054931641,2026-07-02,24.119634170978628,20.0,4.119634170978628,20.59817085489314,yfinance,2026-07-03T15:51:46Z
2026-07-03,VRT,Vertiv,5.0,0.1522672617580549,USD,300.5299987792969,1.0,300.5299987792969,2026-07-02,45.76087999027512,50.0,-4.239120009724879,-8.478240019449757,yfinance,2026-07-03T15:51:46Z
2026-07-04,000660.KS,SK Hynix,8.0,0.0625538166478737,KRW,2425000.0,0.0006535306891773,1584.8119212549768,2026-07-03,99.13603434354827,80.0,19.13603434354829,23.92004292943536,yfinance,2026-07-04T15:02:55Z
2026-07-04,AVGO,Broadcom,10.0,0.2417444256507892,USD,360.4500122070313,1.0,360.4500122070313,2026-07-02,87.13678117680874,100.0,-12.86321882319126,-12.86321882319126,yfinance,2026-07-04T15:02:55Z
2026-07-04,CASH,Cash,10.0,100.0,USD,1.0,1.0,1.0,2026-07-04,100.0,100.0,0.0,0.0,cash,2026-07-04T15:02:55Z
2026-07-04,CEG,Constellation Energy,5.0,0.1687260186663456,USD,239.25,1.0,239.25,2026-07-02,40.3676999659232,50.0,-9.632300034076806,-19.26460006815361,yfinance,2026-07-04T15:02:55Z
2026-07-04,GOOGL,Alphabet,15.0,0.3891454452478011,USD,359.9100036621094,1.0,359.9100036621094,2026-07-02,140.0573386242293,150.0,-9.942661375770712,-6.628440917180474,yfinance,2026-07-04T15:02:55Z
2026-07-04,MCO,Moody's,2.0,0.0444681598313336,USD,490.510009765625,1.0,490.510009765625,2026-07-02,21.812077513126848,20.0,1.812077513126848,9.06038756563424,yfinance,2026-07-04T15:02:55Z
2026-07-04,MSCI,MSCI,2.0,0.0339052007771873,USD,603.1099853515625,1.0,603.1099853515625,2026-07-02,20.44856514407124,20.0,0.4485651440712388,2.242825720356194,yfinance,2026-07-04T15:02:55Z
2026-07-04,MSFT,Microsoft,18.0,0.4293689203419845,USD,390.489990234375,1.0,390.489990234375,2026-07-02,167.66426551128566,180.0,-12.335734488714335,-6.853185827063521,yfinance,2026-07-04T15:02:55Z
2026-07-04,NVDA,NVIDIA,7.0,0.323166358553396,USD,194.8300018310547,1.0,194.8300018310547,2026-07-02,62.962502228693424,70.0,-7.037497771306576,-10.05356824472368,yfinance,2026-07-04T15:02:55Z
2026-07-04,SPGI,S&P Global,2.0,0.047848035759865,USD,439.8900146484375,1.0,439.8900146484375,2026-07-02,21.04787315130598,20.0,1.0478731513059785,5.239365756529892,yfinance,2026-07-04T15:02:55Z
2026-07-04,TER,Teradyne,7.0,0.1958589848780872,USD,369.0899963378906,1.0,369.0899963378906,2026-07-02,72.2895920113962,70.0,2.289592011396195,3.270845730565993,yfinance,2026-07-04T15:02:55Z
2026-07-04,TSM,TSMC,7.0,0.1719669363096472,USD,434.1600036621094,1.0,434.1600036621094,2026-07-02,74.66116569795817,70.0,4.661165697958168,6.65880813994024,yfinance,2026-07-04T15:02:55Z
2026-07-04,VEEV,Veeva Systems,2.0,0.1251407776463619,USD,192.7400054931641,1.0,192.7400054931641,2026-07-02,24.119634170978628,20.0,4.119634170978628,20.59817085489314,yfinance,2026-07-04T15:02:55Z
2026-07-04,VRT,Vertiv,5.0,0.1522672617580549,USD,300.5299987792969,1.0,300.5299987792969,2026-07-02,45.76087999027512,50.0,-4.239120009724879,-8.478240019449757,yfinance,2026-07-04T15:02:55Z
2026-07-05,000660.KS,SK Hynix,8.0,0.0625538166478737,KRW,2425000.0,0.0006539537900861,1585.8379409587976,2026-07-03,99.2002157919782,80.0,19.200215791978195,24.000269739972744,yfinance,2026-07-05T15:10:38Z
2026-07-05,AVGO,Broadcom,10.0,0.2417444256507892,USD,360.4500122070313,1.0,360.4500122070313,2026-07-02,87.13678117680874,100.0,-12.86321882319126,-12.86321882319126,yfinance,2026-07-05T15:10:38Z
2026-07-05,CASH,Cash,10.0,100.0,USD,1.0,1.0,1.0,2026-07-05,100.0,100.0,0.0,0.0,cash,2026-07-05T15:10:38Z
2026-07-05,CEG,Constellation Energy,5.0,0.1687260186663456,USD,239.25,1.0,239.25,2026-07-02,40.3676999659232,50.0,-9.632300034076806,-19.26460006815361,yfinance,2026-07-05T15:10:38Z
2026-07-05,GOOGL,Alphabet,15.0,0.3891454452478011,USD,359.9100036621094,1.0,359.9100036621094,2026-07-02,140.0573386242293,150.0,-9.942661375770712,-6.628440917180474,yfinance,2026-07-05T15:10:38Z
2026-07-05,MCO,Moody's,2.0,0.0444681598313336,USD,490.510009765625,1.0,490.510009765625,2026-07-02,21.812077513126848,20.0,1.812077513126848,9.06038756563424,yfinance,2026-07-05T15:10:38Z
2026-07-05,MSCI,MSCI,2.0,0.0339052007771873,USD,603.1099853515625,1.0,603.1099853515625,2026-07-02,20.44856514407124,20.0,0.4485651440712388,2.242825720356194,yfinance,2026-07-05T15:10:38Z
2026-07-05,MSFT,Microsoft,18.0,0.4293689203419845,USD,390.489990234375,1.0,390.489990234375,2026-07-02,167.66426551128566,180.0,-12.335734488714335,-6.853185827063521,yfinance,2026-07-05T15:10:38Z
2026-07-05,NVDA,NVIDIA,7.0,0.323166358553396,USD,194.8300018310547,1.0,194.8300018310547,2026-07-02,62.962502228693424,70.0,-7.037497771306576,-10.05356824472368,yfinance,2026-07-05T15:10:38Z
2026-07-05,SPGI,S&P Global,2.0,0.047848035759865,USD,439.8900146484375,1.0,439.8900146484375,2026-07-02,21.04787315130598,20.0,1.0478731513059785,5.239365756529892,yfinance,2026-07-05T15:10:38Z
2026-07-05,TER,Teradyne,7.0,0.1958589848780872,USD,369.0899963378906,1.0,369.0899963378906,2026-07-02,72.2895920113962,70.0,2.289592011396195,3.270845730565993,yfinance,2026-07-05T15:10:38Z
2026-07-05,TSM,TSMC,7.0,0.1719669363096472,USD,434.1600036621094,1.0,434.1600036621094,2026-07-02,74.66116569795817,70.0,4.661165697958168,6.65880813994024,yfinance,2026-07-05T15:10:38Z
2026-07-05,VEEV,Veeva Systems,2.0,0.1251407776463619,USD,192.7400054931641,1.0,192.7400054931641,2026-07-02,24.119634170978628,20.0,4.119634170978628,20.59817085489314,yfinance,2026-07-05T15:10:38Z
2026-07-05,VRT,Vertiv,5.0,0.1522672617580549,USD,300.5299987792969,1.0,300.5299987792969,2026-07-02,45.76087999027512,50.0,-4.239120009724879,-8.478240019449757,yfinance,2026-07-05T15:10:38Z
2026-07-06,000660.KS,SK Hynix,8.0,0.0625538166478737,KRW,2425000.0,0.0006531934878395,1583.9942080108694,2026-07-03,99.08488325920584,80.0,19.084883259205853,23.85610407400732,yfinance,2026-07-06T16:50:35Z
2026-07-06,AVGO,Broadcom,10.0,0.2417444256507892,USD,376.1340026855469,1.0,376.1340026855469,2026-07-06,90.92829844694997,100.0,-9.071701553050048,-9.071701553050048,yfinance,2026-07-06T16:50:35Z
2026-07-06,CASH,Cash,10.0,100.0,USD,1.0,1.0,1.0,2026-07-06,100.0,100.0,0.0,0.0,cash,2026-07-06T16:50:35Z
2026-07-06,CEG,Constellation Energy,5.0,0.1687260186663456,USD,243.2550048828125,1.0,243.2550048828125,2026-07-06,41.04344849453943,50.0,-8.956551505460574,-17.913103010921148,yfinance,2026-07-06T16:50:35Z
2026-07-06,GOOGL,Alphabet,15.0,0.3891454452478011,USD,364.2000122070313,1.0,364.2000122070313,2026-07-06,141.7267759095598,150.0,-8.273224090440209,-5.51548272696014,yfinance,2026-07-06T16:50:35Z
2026-07-06,MCO,Moody's,2.0,0.0444681598313336,USD,495.6799926757813,1.0,495.6799926757813,2026-07-06,22.04197713950094,20.0,2.04197713950094,10.2098856975047,yfinance,2026-07-06T16:50:35Z
2026-07-06,MSCI,MSCI,2.0,0.0339052007771873,USD,608.89501953125,1.0,608.89501953125,2026-07-06,20.644707889436432,20.0,0.6447078894364324,3.2235394471821626,yfinance,2026-07-06T16:50:35Z
2026-07-06,MSFT,Microsoft,18.0,0.4293689203419845,USD,385.0199890136719,1.0,385.0199890136719,2026-07-06,165.315616992883,180.0,-14.684383007116992,-8.15799055950944,yfinance,2026-07-06T16:50:35Z
2026-07-06,NVDA,NVIDIA,7.0,0.323166358553396,USD,196.65499877929688,1.0,196.65499877929688,2026-07-06,63.55227984682792,70.0,-6.447720153172085,-9.211028790245836,yfinance,2026-07-06T16:50:35Z
2026-07-06,SPGI,S&P Global,2.0,0.047848035759865,USD,442.4400024414063,1.0,442.4400024414063,2026-07-06,21.169885058411168,20.0,1.1698850584111682,5.849425292055841,yfinance,2026-07-06T16:50:35Z
2026-07-06,TER,Teradyne,7.0,0.1958589848780872,USD,388.8900146484375,1.0,388.8900146484375,2026-07-06,76.16760349826744,70.0,6.16760349826744,8.810862140382056,yfinance,2026-07-06T16:50:35Z
2026-07-06,TSM,TSMC,7.0,0.1719669363096472,USD,456.0700073242188,1.0,456.0700073242188,2026-07-06,78.42896190226428,70.0,8.428961902264277,12.041374146091824,yfinance,2026-07-06T16:50:35Z
2026-07-06,VEEV,Veeva Systems,2.0,0.1251407776463619,USD,192.57000732421875,1.0,192.57000732421875,2026-07-06,24.098360467918354,20.0,4.098360467918354,20.49180233959177,yfinance,2026-07-06T16:50:35Z
2026-07-06,VRT,Vertiv,5.0,0.1522672617580549,USD,321.6499938964844,1.0,321.6499938964844,2026-07-06,48.976763815112754,50.0,-1.0232361848872458,-2.0464723697744915,yfinance,2026-07-06T16:50:35Z
2026-07-07,000660.KS,SK Hynix,8.0,0.0625538166478737,KRW,2343000.0,0.0006605281838796,1547.617534830122,2026-07-06,96.80938351479776,80.0,16.80938351479776,21.0117293934972,yfinance,2026-07-07T16:27:59Z
2026-07-07,AVGO,Broadcom,10.0,0.2417444256507892,USD,371.1000061035156,1.0,371.1000061035156,2026-07-07,89.71135783449877,100.0,-10.28864216550123,-10.28864216550123,yfinance,2026-07-07T16:27:59Z
2026-07-07,CASH,Cash,10.0,100.0,USD,1.0,1.0,1.0,2026-07-07,100.0,100.0,0.0,0.0,cash,2026-07-07T16:27:59Z
2026-07-07,CEG,Constellation Energy,5.0,0.1687260186663456,USD,240.634994506836,1.0,240.634994506836,2026-07-07,40.60138457493638,50.0,-9.398615425063618,-18.797230850127235,yfinance,2026-07-07T16:27:59Z
2026-07-07,GOOGL,Alphabet,15.0,0.3891454452478011,USD,368.885009765625,1.0,368.885009765625,2026-07-07,143.54992137048362,150.0,-6.450078629516383,-4.3000524196775896,yfinance,2026-07-07T16:27:59Z
2026-07-07,MCO,Moody's,2.0,0.0444681598313336,USD,502.6099853515625,1.0,502.6099853515625,2026-07-07,22.350141161437552,20.0,2.350141161437552,11.75070580718776,yfinance,2026-07-07T16:27:59Z
2026-07-07,MSCI,MSCI,2.0,0.0339052007771873,USD,617.1199951171875,1.0,617.1199951171875,2026-07-07,20.923577338065108,20.0,0.9235773380651082,4.617886690325541,yfinance,2026-07-07T16:27:59Z
2026-07-07,MSFT,Microsoft,18.0,0.4293689203419845,USD,393.8093872070313,1.0,393.8093872070313,2026-07-07,169.08951140562152,180.0,-10.910488594378478,-6.061382552432488,yfinance,2026-07-07T16:27:59Z
2026-07-07,NVDA,NVIDIA,7.0,0.323166358553396,USD,197.17999267578125,1.0,197.17999267578125,2026-07-07,63.721940212617525,70.0,-6.278059787382475,-8.968656839117822,yfinance,2026-07-07T16:27:59Z
2026-07-07,SPGI,S&P Global,2.0,0.047848035759865,USD,442.2049865722656,1.0,442.2049865722656,2026-07-07,21.158640010700392,20.0,1.1586400107003918,5.793200053501959,yfinance,2026-07-07T16:27:59Z
2026-07-07,TER,Teradyne,7.0,0.1958589848780872,USD,342.1600036621094,1.0,342.1600036621094,2026-07-07,67.01511098314334,70.0,-2.9848890168566555,-4.26412716693808,yfinance,2026-07-07T16:27:59Z
2026-07-07,TSM,TSMC,7.0,0.1719669363096472,USD,437.6099853515625,1.0,437.6099853515625,2026-07-07,75.2544484794178,70.0,5.254448479417803,7.506354970596862,yfinance,2026-07-07T16:27:59Z
2026-07-07,VEEV,Veeva Systems,2.0,0.1251407776463619,USD,194.1699981689453,1.0,194.1699981689453,2026-07-07,24.298584566454497,20.0,4.2985845664544975,21.492922832272487,yfinance,2026-07-07T16:27:59Z
2026-07-07,VRT,Vertiv,5.0,0.1522672617580549,USD,302.2200012207031,1.0,302.2200012207031,2026-07-07,46.01821203439248,50.0,-3.981787965607524,-7.963575931215047,yfinance,2026-07-07T16:27:59Z
2026-07-08,000660.KS,SK Hynix,8.0,0.0625538166478737,KRW,2201000.0,0.0006616688804412,1456.3332058511494,2026-07-07,91.09920033702292,80.0,11.09920033702292,13.874000421278652,yfinance,2026-07-08T16:01:05Z
2026-07-08,AVGO,Broadcom,10.0,0.2417444256507892,USD,385.68499755859375,1.0,385.68499755859375,2026-07-08,93.23719821692828,100.0,-6.762801783071708,-6.762801783071709,yfinance,2026-07-08T16:01:05Z
2026-07-08,CASH,Cash,10.0,100.0,USD,1.0,1.0,1.0,2026-07-08,100.0,100.0,0.0,0.0,cash,2026-07-08T16:01:05Z
2026-07-08,CEG,Constellation Energy,5.0,0.1687260186663456,USD,240.17999267578125,1.0,240.17999267578125,2026-07-08,40.52461392749663,50.0,-9.475386072503367,-18.95077214500673,yfinance,2026-07-08T16:01:05Z
2026-07-08,GOOGL,Alphabet,15.0,0.3891454452478011,USD,360.4400024414063,1.0,360.4400024414063,2026-07-08,140.26358523517956,150.0,-9.736414764820438,-6.490943176546958,yfinance,2026-07-08T16:01:05Z
2026-07-08,MCO,Moody's,2.0,0.0444681598313336,USD,488.2900085449219,1.0,488.2900085449219,2026-07-08,21.713358144018866,20.0,1.7133581440188657,8.566790720094328,yfinance,2026-07-08T16:01:05Z
2026-07-08,MSCI,MSCI,2.0,0.0339052007771873,USD,598.239990234375,1.0,598.239990234375,2026-07-08,20.28344698183908,20.0,0.2834469818390737,1.4172349091953684,yfinance,2026-07-08T16:01:05Z
2026-07-08,MSFT,Microsoft,18.0,0.4293689203419845,USD,382.7699890136719,1.0,382.7699890136719,2026-07-08,164.34953692211354,180.0,-15.650463077886457,-8.69470170993692,yfinance,2026-07-08T16:01:05Z
2026-07-08,NVDA,NVIDIA,7.0,0.323166358553396,USD,197.509994506836,1.0,197.509994506836,2026-07-08,63.82858570267543,70.0,-6.171414297324574,-8.816306139035106,yfinance,2026-07-08T16:01:05Z
2026-07-08,SPGI,S&P Global,2.0,0.047848035759865,USD,434.80999755859375,1.0,434.80999755859375,2026-07-08,20.80480431193041,20.0,0.8048043119304111,4.024021559652056,yfinance,2026-07-08T16:01:05Z
2026-07-08,TER,Teradyne,7.0,0.1958589848780872,USD,338.7850036621094,1.0,338.7850036621094,2026-07-08,66.35408690917981,70.0,-3.645913090820187,-5.208447272600267,yfinance,2026-07-08T16:01:05Z
2026-07-08,TSM,TSMC,7.0,0.1719669363096472,USD,432.0,1.0,432.0,2026-07-08,74.28971648576761,70.0,4.289716485767613,6.128166408239447,yfinance,2026-07-08T16:01:05Z
2026-07-08,VEEV,Veeva Systems,2.0,0.1251407776463619,USD,189.1300048828125,1.0,189.1300048828125,2026-07-08,23.667875887295395,20.0,3.667875887295395,18.33937943647697,yfinance,2026-07-08T16:01:05Z
2026-07-08,VRT,Vertiv,5.0,0.1522672617580549,USD,307.6549987792969,1.0,307.6549987792969,2026-07-08,46.84578423030126,50.0,-3.1542157696987374,-6.308431539397475,yfinance,2026-07-08T16:01:05Z
2026-07-09,000660.KS,SK Hynix,8.0,0.0625538166478737,KRW,2076000.0,0.0006628398561268,1376.0555413193508,2026-07-08,86.07752602898128,80.0,6.077526028981282,7.596907536226602,yfinance,2026-07-09T16:25:37Z
2026-07-09,AVGO,Broadcom,10.0,0.2417444256507892,USD,401.3500061035156,1.0,401.3500061035156,2026-07-09,97.02412671043514,100.0,-2.975873289564859,-2.975873289564859,yfinance,2026-07-09T16:25:37Z
2026-07-09,CASH,Cash,10.0,100.0,USD,1.0,1.0,1.0,2026-07-09,100.0,100.0,0.0,0.0,cash,2026-07-09T16:25:37Z
2026-07-09,CEG,Constellation Energy,5.0,0.1687260186663456,USD,249.5350036621093,1.0,249.5350036621093,2026-07-09,42.103047685799694,50.0,-7.8969523142003055,-15.793904628400613,yfinance,2026-07-09T16:25:37Z
2026-07-09,GOOGL,Alphabet,15.0,0.3891454452478011,USD,354.3099975585937,1.0,354.3099975585937,2026-07-09,137.8781217556863,150.0,-12.121878244313706,-8.081252162875805,yfinance,2026-07-09T16:25:37Z
2026-07-09,MCO,Moody's,2.0,0.0444681598313336,USD,485.2049865722656,1.0,485.2049865722656,2026-07-09,21.57617289385561,20.0,1.5761728938556097,7.880864469278048,yfinance,2026-07-09T16:25:37Z
2026-07-09,MSCI,MSCI,2.0,0.0339052007771873,USD,597.3599853515625,1.0,597.3599853515625,2026-07-09,20.25361023960241,20.0,0.2536102396024091,1.2680511980120457,yfinance,2026-07-09T16:25:37Z
2026-07-09,MSFT,Microsoft,18.0,0.4293689203419845,USD,379.55999755859375,1.0,379.55999755859375,2026-07-09,162.97126635673968,180.0,-17.028733643260324,-9.460407579589068,yfinance,2026-07-09T16:25:37Z
2026-07-09,NVDA,NVIDIA,7.0,0.323166358553396,USD,202.3099975585937,1.0,202.3099975585937,2026-07-09,65.37978520995719,70.0,-4.620214790042809,-6.600306842918298,yfinance,2026-07-09T16:25:37Z
2026-07-09,SPGI,S&P Global,2.0,0.047848035759865,USD,427.6199951171875,1.0,427.6199951171875,2026-07-09,20.46077681800049,20.0,0.4607768180004861,2.3038840900024304,yfinance,2026-07-09T16:25:37Z
2026-07-09,TER,Teradyne,7.0,0.1958589848780872,USD,371.875,1.0,371.875,2026-07-09,72.8350600015387,70.0,2.835060001538693,4.050085716483847,yfinance,2026-07-09T16:25:37Z
2026-07-09,TSM,TSMC,7.0,0.1719669363096472,USD,442.6400146484375,1.0,442.6400146484375,2026-07-09,76.11944720714918,70.0,6.119447207149179,8.742067438784542,yfinance,2026-07-09T16:25:37Z
2026-07-09,VEEV,Veeva Systems,2.0,0.1251407776463619,USD,188.30499267578125,1.0,188.30499267578125,2026-07-09,23.56463321813976,20.0,3.564633218139761,17.823166090698805,yfinance,2026-07-09T16:25:37Z
2026-07-09,VRT,Vertiv,5.0,0.1522672617580549,USD,326.1499938964844,1.0,326.1499938964844,2026-07-09,49.661966493024,50.0,-0.3380335069760036,-0.6760670139520073,yfinance,2026-07-09T16:25:37Z
2026-07-10,000660.KS,SK Hynix,8.0,0.0625538166478737,KRW,2186000.0,0.0006664844790555,1456.9350712154776,2026-07-09,91.1368493126698,80.0,11.13684931266981,13.921061640837262,yfinance,2026-07-10T16:23:21Z
2026-07-10,AVGO,Broadcom,10.0,0.2417444256507892,USD,401.2120056152344,1.0,401.2120056152344,2026-07-10,96.99076586165606,100.0,-3.009234138343942,-3.009234138343942,yfinance,2026-07-10T16:23:21Z
2026-07-10,CASH,Cash,10.0,100.0,USD,1.0,1.0,1.0,2026-07-10,100.0,100.0,0.0,0.0,cash,2026-07-10T16:23:21Z
2026-07-10,CEG,Constellation Energy,5.0,0.1687260186663456,USD,250.884994506836,1.0,250.884994506836,2026-07-10,42.33082626626643,50.0,-7.669173733733572,-15.338347467467145,yfinance,2026-07-10T16:23:21Z
2026-07-10,GOOGL,Alphabet,15.0,0.3891454452478011,USD,355.0849914550781,1.0,355.0849914550781,2026-07-10,138.17970710059805,150.0,-11.820292899401949,-7.880195266267965,yfinance,2026-07-10T16:23:21Z
2026-07-10,MCO,Moody's,2.0,0.0444681598313336,USD,483.8450012207031,1.0,483.8450012207031,2026-07-10,21.515696847874057,20.0,1.5156968478740571,7.578484239370287,yfinance,2026-07-10T16:23:21Z
2026-07-10,MSCI,MSCI,2.0,0.0339052007771873,USD,601.2000122070312,1.0,601.2000122070312,2026-07-10,20.383807121126868,20.0,0.3838071211268676,1.9190356056343385,yfinance,2026-07-10T16:23:21Z
2026-07-10,MSFT,Microsoft,18.0,0.4293689203419845,USD,384.1799926757813,1.0,384.1799926757813,2026-07-10,164.9549486721917,180.0,-15.045051327808295,-8.358361848782387,yfinance,2026-07-10T16:23:21Z
2026-07-10,NVDA,NVIDIA,7.0,0.323166358553396,USD,210.1840057373047,1.0,210.1840057373047,2026-07-10,67.92439976029085,70.0,-2.0756002397091464,-2.965143199584495,yfinance,2026-07-10T16:23:21Z
2026-07-10,SPGI,S&P Global,2.0,0.047848035759865,USD,428.010009765625,1.0,428.010009765625,2026-07-10,20.4794382528458,20.0,0.4794382528457959,2.3971912642289794,yfinance,2026-07-10T16:23:21Z
2026-07-10,TER,Teradyne,7.0,0.1958589848780872,USD,360.0480041503906,1.0,360.0480041503906,2026-07-10,70.51863660027685,70.0,0.5186366002768494,0.7409094289669278,yfinance,2026-07-10T16:23:21Z
2026-07-10,TSM,TSMC,7.0,0.1719669363096472,USD,435.4750061035156,1.0,435.4750061035156,2026-07-10,74.88730263904651,70.0,4.88730263904651,6.981860912923586,yfinance,2026-07-10T16:23:21Z
2026-07-10,VEEV,Veeva Systems,2.0,0.1251407776463619,USD,190.009994506836,1.0,190.009994506836,2026-07-10,23.777998473166416,20.0,3.777998473166417,18.88999236583208,yfinance,2026-07-10T16:23:21Z
2026-07-10,VRT,Vertiv,5.0,0.1522672617580549,USD,322.5,1.0,322.5,2026-07-10,49.10619191697271,50.0,-0.8938080830272881,-1.7876161660545762,yfinance,2026-07-10T16:23:21Z
2026-07-11,000660.KS,SK Hynix,8.0,0.0625538166478737,KRW,2180000.0,0.0006671692696882,1454.429007920436,2026-07-10,90.98008548880382,80.0,10.980085488803825,13.72510686100478,yfinance,2026-07-11T14:50:20Z
2026-07-11,AVGO,Broadcom,10.0,0.2417444256507892,USD,399.9700012207031,1.0,399.9700012207031,2026-07-10,96.69051822264434,100.0,-3.309481777355657,-3.309481777355657,yfinance,2026-07-11T14:50:20Z
2026-07-11,CASH,Cash,10.0,100.0,USD,1.0,1.0,1.0,2026-07-11,100.0,100.0,0.0,0.0,cash,2026-07-11T14:50:20Z
2026-07-11,CEG,Constellation Energy,5.0,0.1687260186663456,USD,251.3800048828125,1.0,251.3800048828125,2026-07-10,42.41434739620348,50.0,-7.585652603796518,-15.171305207593036,yfinance,2026-07-11T14:50:20Z
2026-07-11,GOOGL,Alphabet,15.0,0.3891454452478011,USD,357.17999267578125,1.0,357.17999267578125,2026-07-10,138.99496728342325,150.0,-11.00503271657675,-7.336688477717833,yfinance,2026-07-11T14:50:20Z
2026-07-11,MCO,Moody's,2.0,0.0444681598313336,USD,487.2799987792969,1.0,487.2799987792969,2026-07-10,21.668444868329846,20.0,1.6684448683298465,8.342224341649231,yfinance,2026-07-11T14:50:20Z
2026-07-11,MSCI,MSCI,2.0,0.0339052007771873,USD,604.7100219726562,1.0,604.7100219726562,2026-07-10,20.502814706960272,20.0,0.5028147069602724,2.514073534801362,yfinance,2026-07-11T14:50:20Z
2026-07-11,MSFT,Microsoft,18.0,0.4293689203419845,USD,385.1000061035156,1.0,385.1000061035156,2026-07-10,165.34997384435815,180.0,-14.650026155641854,-8.13890341980103,yfinance,2026-07-11T14:50:20Z
2026-07-11,NVDA,NVIDIA,7.0,0.323166358553396,USD,210.9600067138672,1.0,210.9600067138672,2026-07-10,68.17517717012043,70.0,-1.8248228298795648,-2.606889756970808,yfinance,2026-07-11T14:50:20Z
2026-07-11,SPGI,S&P Global,2.0,0.047848035759865,USD,430.5,1.0,430.5,2026-07-10,20.598579394621886,20.0,0.5985793946218863,2.992896973109432,yfinance,2026-07-11T14:50:20Z
2026-07-11,TER,Teradyne,7.0,0.1958589848780872,USD,359.6000061035156,1.0,359.6000061035156,2026-07-10,70.43089215758854,70.0,0.4308921575885449,0.6155602251264928,yfinance,2026-07-11T14:50:20Z
2026-07-11,TSM,TSMC,7.0,0.1719669363096472,USD,434.1099853515625,1.0,434.1099853515625,2026-07-10,74.65256420233405,70.0,4.652564202334048,6.646520289048641,yfinance,2026-07-11T14:50:20Z
2026-07-11,VEEV,Veeva Systems,2.0,0.1251407776463619,USD,190.1199951171875,1.0,190.1199951171875,2026-07-10,23.791764035087382,20.0,3.791764035087386,18.95882017543693,yfinance,2026-07-11T14:50:20Z
2026-07-11,VRT,Vertiv,5.0,0.1522672617580549,USD,318.8599853515625,1.0,318.8599853515625,2026-07-10,48.55193685369592,50.0,-1.4480631463040794,-2.896126292608159,yfinance,2026-07-11T14:50:20Z
2026-07-12,000660.KS,SK Hynix,8.0,0.0625538166478737,KRW,2180000.0,0.0006671692696882,1454.429007920436,2026-07-10,90.98008548880382,80.0,10.980085488803825,13.72510686100478,yfinance,2026-07-12T14:53:43Z
2026-07-12,AVGO,Broadcom,10.0,0.2417444256507892,USD,399.9700012207031,1.0,399.9700012207031,2026-07-10,96.69051822264434,100.0,-3.309481777355657,-3.309481777355657,yfinance,2026-07-12T14:53:43Z
2026-07-12,CASH,Cash,10.0,100.0,USD,1.0,1.0,1.0,2026-07-12,100.0,100.0,0.0,0.0,cash,2026-07-12T14:53:43Z
2026-07-12,CEG,Constellation Energy,5.0,0.1687260186663456,USD,251.3800048828125,1.0,251.3800048828125,2026-07-10,42.41434739620348,50.0,-7.585652603796518,-15.171305207593036,yfinance,2026-07-12T14:53:43Z
2026-07-12,GOOGL,Alphabet,15.0,0.3891454452478011,USD,357.17999267578125,1.0,357.17999267578125,2026-07-10,138.99496728342325,150.0,-11.00503271657675,-7.336688477717833,yfinance,2026-07-12T14:53:43Z
2026-07-12,MCO,Moody's,2.0,0.0444681598313336,USD,487.2799987792969,1.0,487.2799987792969,2026-07-10,21.668444868329846,20.0,1.6684448683298465,8.342224341649231,yfinance,2026-07-12T14:53:43Z
2026-07-12,MSCI,MSCI,2.0,0.0339052007771873,USD,604.7100219726562,1.0,604.7100219726562,2026-07-10,20.502814706960272,20.0,0.5028147069602724,2.514073534801362,yfinance,2026-07-12T14:53:43Z
2026-07-12,MSFT,Microsoft,18.0,0.4293689203419845,USD,385.1000061035156,1.0,385.1000061035156,2026-07-10,165.34997384435815,180.0,-14.650026155641854,-8.13890341980103,yfinance,2026-07-12T14:53:43Z
2026-07-12,NVDA,NVIDIA,7.0,0.323166358553396,USD,210.9600067138672,1.0,210.9600067138672,2026-07-10,68.17517717012043,70.0,-1.8248228298795648,-2.606889756970808,yfinance,2026-07-12T14:53:43Z
2026-07-12,SPGI,S&P Global,2.0,0.047848035759865,USD,430.5,1.0,430.5,2026-07-10,20.598579394621886,20.0,0.5985793946218863,2.992896973109432,yfinance,2026-07-12T14:53:43Z
2026-07-12,TER,Teradyne,7.0,0.1958589848780872,USD,359.6000061035156,1.0,359.6000061035156,2026-07-10,70.43089215758854,70.0,0.4308921575885449,0.6155602251264928,yfinance,2026-07-12T14:53:43Z
2026-07-12,TSM,TSMC,7.0,0.1719669363096472,USD,434.1099853515625,1.0,434.1099853515625,2026-07-10,74.65256420233405,70.0,4.652564202334048,6.646520289048641,yfinance,2026-07-12T14:53:43Z
2026-07-12,VEEV,Veeva Systems,2.0,0.1251407776463619,USD,190.1199951171875,1.0,190.1199951171875,2026-07-10,23.791764035087382,20.0,3.791764035087386,18.95882017543693,yfinance,2026-07-12T14:53:43Z
2026-07-12,VRT,Vertiv,5.0,0.1522672617580549,USD,318.8599853515625,1.0,318.8599853515625,2026-07-10,48.55193685369592,50.0,-1.4480631463040794,-2.896126292608159,yfinance,2026-07-12T14:53:43Z
2026-07-13,000660.KS,SK Hynix,8.0,0.0625538166478737,KRW,2180000.0,0.0006695277973769,1459.5705982817688,2026-07-10,91.30171158954508,80.0,11.301711589545093,14.127139486931368,yfinance,2026-07-13T16:29:46Z
2026-07-13,AVGO,Broadcom,10.0,0.2417444256507892,USD,388.8900146484375,1.0,388.8900146484375,2026-07-13,94.01199323251352,100.0,-5.988006767486468,-5.988006767486468,yfinance,2026-07-13T16:29:46Z
2026-07-13,CASH,Cash,10.0,100.0,USD,1.0,1.0,1.0,2026-07-13,100.0,100.0,0.0,0.0,cash,2026-07-13T16:29:46Z
2026-07-13,CEG,Constellation Energy,5.0,0.1687260186663456,USD,255.6000061035156,1.0,255.6000061035156,2026-07-13,43.12637140093984,50.0,-6.8736285990601615,-13.74725719812032,yfinance,2026-07-13T16:29:46Z
2026-07-13,GOOGL,Alphabet,15.0,0.3891454452478011,USD,356.2106018066406,1.0,356.2106018066406,2026-07-13,138.61773324203236,150.0,-11.382266757967642,-7.588177838645095,yfinance,2026-07-13T16:29:46Z
2026-07-13,MCO,Moody's,2.0,0.0444681598313336,USD,496.8699951171875,1.0,496.8699951171875,2026-07-13,22.09489435826507,20.0,2.094894358265069,10.474471791325346,yfinance,2026-07-13T16:29:46Z
2026-07-13,MSCI,MSCI,2.0,0.0339052007771873,USD,617.5499877929688,1.0,617.5499877929688,2026-07-13,20.938156326070192,20.0,0.9381563260701924,4.690781630350962,yfinance,2026-07-13T16:29:46Z
2026-07-13,MSFT,Microsoft,18.0,0.4293689203419845,USD,392.18499755859375,1.0,392.18499755859375,2026-07-13,168.39204897605725,180.0,-11.607951023942777,-6.448861679968208,yfinance,2026-07-13T16:29:46Z
2026-07-13,NVDA,NVIDIA,7.0,0.323166358553396,USD,205.8600006103516,1.0,205.8600006103516,2026-07-13,66.5270267690472,70.0,-3.472973230952803,-4.961390329932576,yfinance,2026-07-13T16:29:46Z
2026-07-13,SPGI,S&P Global,2.0,0.047848035759865,USD,438.8949890136719,1.0,438.8949890136719,2026-07-13,21.000263129151733,20.0,1.0002631291517332,5.001315645758666,yfinance,2026-07-13T16:29:46Z
2026-07-13,TER,Teradyne,7.0,0.1958589848780872,USD,341.4100036621094,1.0,341.4100036621094,2026-07-13,66.86821674448478,70.0,-3.1317832555152165,-4.473976079307452,yfinance,2026-07-13T16:29:46Z
2026-07-13,TSM,TSMC,7.0,0.1719669363096472,USD,427.3399963378906,1.0,427.3399963378906,2026-07-13,73.48834993280292,70.0,3.488349932802919,4.983357046861313,yfinance,2026-07-13T16:29:46Z
2026-07-13,VEEV,Veeva Systems,2.0,0.1251407776463619,USD,198.1100006103516,1.0,198.1100006103516,2026-07-13,24.79163953590064,20.0,4.791639535900639,23.9581976795032,yfinance,2026-07-13T16:29:46Z
2026-07-13,VRT,Vertiv,5.0,0.1522672617580549,USD,304.4700012207031,1.0,304.4700012207031,2026-07-13,46.3608133733481,50.0,-3.639186626651899,-7.278373253303798,yfinance,2026-07-13T16:29:46Z
2026-07-14,000660.KS,SK Hynix,8.0,0.0625538166478737,KRW,1845000.0,0.0006724135369518,1240.6029756761463,2026-07-13,77.60445107325219,80.0,-2.395548926747807,-2.994436158434759,yfinance,2026-07-14T15:21:49Z
2026-07-14,AVGO,Broadcom,10.0,0.2417444256507892,USD,395.55999755859375,1.0,395.55999755859375,2026-07-14,95.62442442022984,100.0,-4.375575579770157,-4.375575579770157,yfinance,2026-07-14T15:21:49Z
2026-07-14,CASH,Cash,10.0,100.0,USD,1.0,1.0,1.0,2026-07-14,100.0,100.0,0.0,0.0,cash,2026-07-14T15:21:49Z
2026-07-14,CEG,Constellation Energy,5.0,0.1687260186663456,USD,260.0299987792969,1.0,260.0299987792969,2026-07-14,43.87382642784548,50.0,-6.126173572154521,-12.25234714430904,yfinance,2026-07-14T15:21:49Z
2026-07-14,GOOGL,Alphabet,15.0,0.3891454452478011,USD,358.07000732421875,1.0,358.07000732421875,2026-07-14,139.34131243006652,150.0,-10.658687569933477,-7.105791713288985,yfinance,2026-07-14T15:21:49Z
2026-07-14,MCO,Moody's,2.0,0.0444681598313336,USD,490.9500122070313,1.0,490.9500122070313,2026-07-14,21.83164361201748,20.0,1.8316436120174764,9.158218060087382,yfinance,2026-07-14T15:21:49Z
2026-07-14,MSCI,MSCI,2.0,0.0339052007771873,USD,609.1900024414062,1.0,609.1900024414062,2026-07-14,20.65470934423112,20.0,0.6547093442311187,3.273546721155593,yfinance,2026-07-14T15:21:49Z
2026-07-14,MSFT,Microsoft,18.0,0.4293689203419845,USD,386.1799926757813,1.0,386.1799926757813,2026-07-14,165.81368651287568,180.0,-14.186313487124323,-7.881285270624624,yfinance,2026-07-14T15:21:49Z
2026-07-14,NVDA,NVIDIA,7.0,0.323166358553396,USD,208.44000244140625,1.0,208.44000244140625,2026-07-14,67.36079656585024,70.0,-2.6392034341497634,-3.770290620213948,yfinance,2026-07-14T15:21:49Z
2026-07-14,SPGI,S&P Global,2.0,0.047848035759865,USD,434.6700134277344,1.0,434.6700134277344,2026-07-14,20.79810634623124,20.0,0.7981063462312363,3.990531731156181,yfinance,2026-07-14T15:21:49Z
2026-07-14,TER,Teradyne,7.0,0.1958589848780872,USD,358.8554077148437,1.0,358.8554077148437,2026-07-14,70.28505587304141,70.0,0.285055873041415,0.40722267577345,yfinance,2026-07-14T15:21:49Z
2026-07-14,TSM,TSMC,7.0,0.1719669363096472,USD,425.2850036621094,1.0,425.2850036621094,2026-07-14,73.13495913821005,70.0,3.13495913821005,4.478513054585786,yfinance,2026-07-14T15:21:49Z
2026-07-14,VEEV,Veeva Systems,2.0,0.1251407776463619,USD,194.3000030517578,1.0,194.3000030517578,2026-07-14,24.31485347858748,20.0,4.314853478587477,21.574267392937383,yfinance,2026-07-14T15:21:49Z
2026-07-14,VRT,Vertiv,5.0,0.1522672617580549,USD,305.6991882324219,1.0,305.6991882324219,2026-07-14,46.54797831381108,50.0,-3.452021686188921,-6.904043372377842,yfinance,2026-07-14T15:21:49Z
2026-07-15,000660.KS,SK Hynix,8.0,0.0625538166478737,KRW,1913000.0,0.0006707852707607,1283.2122229653555,2026-07-14,80.26982211568529,80.0,0.2698221156852867,0.3372776446066083,yfinance,2026-07-15T15:24:23Z
2026-07-15,AVGO,Broadcom,10.0,0.2417444256507892,USD,387.2699890136719,1.0,387.2699890136719,2026-07-15,93.62036106589755,100.0,-6.379638934102431,-6.379638934102432,yfinance,2026-07-15T15:24:23Z
2026-07-15,CASH,Cash,10.0,100.0,USD,1.0,1.0,1.0,2026-07-15,100.0,100.0,0.0,0.0,cash,2026-07-15T15:24:23Z
2026-07-15,CEG,Constellation Energy,5.0,0.1687260186663456,USD,260.8399963378906,1.0,260.8399963378906,2026-07-15,44.01049409103646,50.0,-5.989505908963537,-11.979011817927072,yfinance,2026-07-15T15:24:23Z
2026-07-15,GOOGL,Alphabet,15.0,0.3891454452478011,USD,369.7900085449219,1.0,369.7900085449219,2026-07-15,143.9020975234018,150.0,-6.097902476598193,-4.065268317732129,yfinance,2026-07-15T15:24:23Z
2026-07-15,MCO,Moody's,2.0,0.0444681598313336,USD,510.1000061035156,1.0,510.1000061035156,2026-07-15,22.68320860137541,20.0,2.6832086013754086,13.416043006877045,yfinance,2026-07-15T15:24:23Z
2026-07-15,MSCI,MSCI,2.0,0.0339052007771873,USD,628.4949951171875,1.0,628.4949951171875,2026-07-15,21.30924899690561,20.0,1.3092489969056125,6.546244984528063,yfinance,2026-07-15T15:24:23Z
2026-07-15,MSFT,Microsoft,18.0,0.4293689203419845,USD,396.7250061035156,1.0,396.7250061035156,2026-07-15,170.3413875433337,180.0,-9.658612456666305,-5.365895809259058,yfinance,2026-07-15T15:24:23Z
2026-07-15,NVDA,NVIDIA,7.0,0.323166358553396,USD,208.7001037597656,1.0,208.7001037597656,2026-07-15,67.44485256175938,70.0,-2.555147438240624,-3.650210626058034,yfinance,2026-07-15T15:24:23Z
2026-07-15,SPGI,S&P Global,2.0,0.047848035759865,USD,447.5299987792969,1.0,447.5299987792969,2026-07-15,21.41343138520414,20.0,1.4134313852041416,7.067156926020708,yfinance,2026-07-15T15:24:23Z
2026-07-15,TER,Teradyne,7.0,0.1958589848780872,USD,332.7250061035156,1.0,332.7250061035156,2026-07-15,65.16718193898994,70.0,-4.832818061010059,-6.904025801442941,yfinance,2026-07-15T15:24:23Z
2026-07-15,TSM,TSMC,7.0,0.1719669363096472,USD,417.3299865722656,1.0,417.3299865722656,2026-07-15,71.76695922097873,70.0,1.766959220978734,2.5242274585410485,yfinance,2026-07-15T15:24:23Z
2026-07-15,VEEV,Veeva Systems,2.0,0.1251407776463619,USD,196.2250061035156,1.0,196.2250061035156,2026-07-15,24.55574985745607,20.0,4.555749857456071,22.778749287280355,yfinance,2026-07-15T15:24:23Z
2026-07-15,VRT,Vertiv,5.0,0.1522672617580549,USD,295.27508544921875,1.0,295.27508544921875,2026-07-15,44.96072872672822,50.0,-5.03927127327178,-10.07854254654356,yfinance,2026-07-15T15:24:23Z
2026-07-16,000660.KS,SK Hynix,8.0,0.0625538166478737,KRW,2082000.0,0.0006720972099351,1399.3063910849323,2026-07-15,87.53195542212472,80.0,7.531955422124724,9.414944277655906,yfinance,2026-07-16T15:37:13Z
2026-07-16,AVGO,Broadcom,10.0,0.2417444256507892,USD,382.0450134277344,1.0,382.0450134277344,2026-07-16,92.35725234383573,100.0,-7.642747656164289,-7.642747656164289,yfinance,2026-07-16T15:37:13Z
2026-07-16,CASH,Cash,10.0,100.0,USD,1.0,1.0,1.0,2026-07-16,100.0,100.0,0.0,0.0,cash,2026-07-16T15:37:13Z
2026-07-16,CEG,Constellation Energy,5.0,0.1687260186663456,USD,254.2100067138672,1.0,254.2100067138672,2026-07-16,42.89184233797581,50.0,-7.10815766202419,-14.21631532404838,yfinance,2026-07-16T15:37:13Z
2026-07-16,GOOGL,Alphabet,15.0,0.3891454452478011,USD,371.3442993164063,1.0,371.3442993164063,2026-07-16,144.50694269771566,150.0,-5.493057302284342,-3.6620382015228943,yfinance,2026-07-16T15:37:13Z
2026-07-16,MCO,Moody's,2.0,0.0444681598313336,USD,512.27001953125,1.0,512.27001953125,2026-07-16,22.77970510531604,20.0,2.77970510531604,13.898525526580205,yfinance,2026-07-16T15:37:13Z
2026-07-16,MSCI,MSCI,2.0,0.0339052007771873,USD,629.6500244140625,1.0,629.6500244140625,2026-07-16,21.34841049711969,20.0,1.3484104971196942,6.742052485598471,yfinance,2026-07-16T15:37:13Z
2026-07-16,MSFT,Microsoft,18.0,0.4293689203419845,USD,398.5799865722656,1.0,398.5799865722656,2026-07-16,171.13785850445635,180.0,-8.862141495543625,-4.923411941968681,yfinance,2026-07-16T15:37:13Z
2026-07-16,NVDA,NVIDIA,7.0,0.323166358553396,USD,207.2400054931641,1.0,207.2400054931641,2026-07-16,66.97299792181163,70.0,-3.0270020781883744,-4.324288683126249,yfinance,2026-07-16T15:37:13Z
2026-07-16,SPGI,S&P Global,2.0,0.047848035759865,USD,450.9601135253906,1.0,450.9601135253906,2026-07-16,21.57755563823568,20.0,1.577555638235676,7.887778191178381,yfinance,2026-07-16T15:37:13Z
2026-07-16,TER,Teradyne,7.0,0.1958589848780872,USD,330.8800048828125,1.0,330.8800048828125,2026-07-16,64.8058218728042,70.0,-5.194178127195798,-7.420254467422568,yfinance,2026-07-16T15:37:13Z
2026-07-16,TSM,TSMC,7.0,0.1719669363096472,USD,411.239990234375,1.0,411.239990234375,2026-07-16,70.71968120861472,70.0,0.7196812086147162,1.0281160123067372,yfinance,2026-07-16T15:37:13Z
2026-07-16,VEEV,Veeva Systems,2.0,0.1251407776463619,USD,197.5500030517578,1.0,197.5500030517578,2026-07-16,24.72156100593816,20.0,4.7215610059381525,23.607805029690763,yfinance,2026-07-16T15:37:13Z
2026-07-16,VRT,Vertiv,5.0,0.1522672617580549,USD,295.1000061035156,1.0,295.1000061035156,2026-07-16,44.93406987416762,50.0,-5.065930125832381,-10.131860251664762,yfinance,2026-07-16T15:37:13Z
2026-07-17,000660.KS,SK Hynix,8.0,0.0625538166478737,KRW,1842000.0,0.0006727573434395,1239.2190266157158,2026-07-16,77.51787977747603,80.0,-2.4821202225239745,-3.102650278154968,yfinance,2026-07-17T15:10:57Z
2026-07-17,AVGO,Broadcom,10.0,0.2417444256507892,USD,368.7099914550781,1.0,368.7099914550781,2026-07-17,89.13358511601527,100.0,-10.866414883984731,-10.866414883984731,yfinance,2026-07-17T15:10:57Z
2026-07-17,CASH,Cash,10.0,100.0,USD,1.0,1.0,1.0,2026-07-17,100.0,100.0,0.0,0.0,cash,2026-07-17T15:10:57Z
2026-07-17,CEG,Constellation Energy,5.0,0.1687260186663456,USD,251.009994506836,1.0,251.009994506836,2026-07-17,42.35191701859972,50.0,-7.648082981400279,-15.296165962800556,yfinance,2026-07-17T15:10:57Z
2026-07-17,GOOGL,Alphabet,15.0,0.3891454452478011,USD,346.6600036621094,1.0,346.6600036621094,2026-07-17,134.90116147469593,150.0,-15.098838525304076,-10.065892350202716,yfinance,2026-07-17T15:10:57Z
2026-07-17,MCO,Moody's,2.0,0.0444681598313336,USD,508.9599914550781,1.0,508.9599914550781,2026-07-17,22.63251424777863,20.0,2.63251424777863,13.16257123889315,yfinance,2026-07-17T15:10:57Z
2026-07-17,MSCI,MSCI,2.0,0.0339052007771873,USD,625.60498046875,1.0,625.60498046875,2026-07-17,21.211262470001326,20.0,1.2112624700013264,6.056312350006632,yfinance,2026-07-17T15:10:57Z
2026-07-17,MSFT,Microsoft,18.0,0.4293689203419845,USD,391.2099914550781,1.0,391.2099914550781,2026-07-17,167.97341165806387,180.0,-12.026588341936131,-6.681437967742296,yfinance,2026-07-17T15:10:57Z
2026-07-17,NVDA,NVIDIA,7.0,0.323166358553396,USD,202.91650390625,1.0,202.91650390625,2026-07-17,65.57578765776877,70.0,-4.424212342231229,-6.320303346044613,yfinance,2026-07-17T15:10:57Z
2026-07-17,SPGI,S&P Global,2.0,0.047848035759865,USD,451.4249877929688,1.0,451.4249877929688,2026-07-17,21.599798958814592,20.0,1.599798958814592,7.99899479407296,yfinance,2026-07-17T15:10:57Z
2026-07-17,TER,Teradyne,7.0,0.1958589848780872,USD,309.5849914550781,1.0,309.5849914550781,2026-07-17,60.63500215988291,70.0,-9.364997840117091,-13.378568343024416,yfinance,2026-07-17T15:10:57Z
2026-07-17,TSM,TSMC,7.0,0.1719669363096472,USD,395.5,1.0,395.5,2026-07-17,68.01292331046548,70.0,-1.9870766895345184,-2.838680985049312,yfinance,2026-07-17T15:10:57Z
2026-07-17,VEEV,Veeva Systems,2.0,0.1251407776463619,USD,195.83999633789065,1.0,195.83999633789065,2026-07-17,24.507569435984312,20.0,4.507569435984312,22.53784717992156,yfinance,2026-07-17T15:10:57Z
2026-07-17,VRT,Vertiv,5.0,0.1522672617580549,USD,285.7699890136719,1.0,285.7699890136719,2026-07-17,43.51341371974125,50.0,-6.486586280258749,-12.9731725605175,yfinance,2026-07-17T15:10:57Z
2026-07-18,000660.KS,SK Hynix,8.0,0.0625538166478737,KRW,1842000.0,0.0006722870035235,1238.3526604904675,2026-07-16,77.4636852697273,80.0,-2.536314730272693,-3.170393412840866,yfinance,2026-07-18T14:49:07Z
2026-07-18,AVGO,Broadcom,10.0,0.2417444256507892,USD,370.8299865722656,1.0,370.8299865722656,2026-07-17,89.64608211800224,100.0,-10.35391788199776,-10.35391788199776,yfinance,2026-07-18T14:49:07Z
2026-07-18,CASH,Cash,10.0,100.0,USD,1.0,1.0,1.0,2026-07-18,100.0,100.0,0.0,0.0,cash,2026-07-18T14:49:07Z
2026-07-18,CEG,Constellation Energy,5.0,0.1687260186663456,USD,252.38999938964844,1.0,252.38999938964844,2026-07-17,42.58475974821679,50.0,-7.41524025178321,-14.83048050356642,yfinance,2026-07-18T14:49:07Z
2026-07-18,GOOGL,Alphabet,15.0,0.3891454452478011,USD,346.7699890136719,1.0,346.7699890136719,2026-07-17,134.94396177330046,150.0,-15.056038226699542,-10.037358817799696,yfinance,2026-07-18T14:49:07Z
2026-07-18,MCO,Moody's,2.0,0.0444681598313336,USD,510.8599853515625,1.0,510.8599853515625,2026-07-17,22.717003480046053,20.0,2.7170034800460527,13.585017400230264,yfinance,2026-07-18T14:49:07Z
2026-07-18,MSCI,MSCI,2.0,0.0339052007771873,USD,628.6599731445312,1.0,628.6599731445312,2026-07-17,21.31484261004653,20.0,1.3148426100465294,6.574213050232647,yfinance,2026-07-18T14:49:07Z
2026-07-18,MSFT,Microsoft,18.0,0.4293689203419845,USD,393.8200073242188,1.0,393.8200073242188,2026-07-17,169.09407135387224,180.0,-10.905928646127762,-6.058849247848757,yfinance,2026-07-18T14:49:07Z
2026-07-18,NVDA,NVIDIA,7.0,0.323166358553396,USD,202.8099975585937,1.0,202.8099975585937,2026-07-17,65.54136838923388,70.0,-4.458631610766119,-6.369473729665883,yfinance,2026-07-18T14:49:07Z
2026-07-18,SPGI,S&P Global,2.0,0.047848035759865,USD,450.8399963378906,1.0,450.8399963378906,2026-07-17,21.5718082667528,20.0,1.5718082667528002,7.859041333764001,yfinance,2026-07-18T14:49:07Z
2026-07-18,TER,Teradyne,7.0,0.1958589848780872,USD,322.3599853515625,1.0,322.3599853515625,2026-07-17,63.1370994962721,70.0,-6.8629005037279,-9.804143576754145,yfinance,2026-07-18T14:49:07Z
2026-07-18,TSM,TSMC,7.0,0.1719669363096472,USD,398.3699951171875,1.0,398.3699951171875,2026-07-17,68.50646757799187,70.0,-1.49353242200813,-2.1336177457259,yfinance,2026-07-18T14:49:07Z
2026-07-18,VEEV,Veeva Systems,2.0,0.1251407776463619,USD,195.3800048828125,1.0,195.3800048828125,2026-07-17,24.45000574758516,20.0,4.450005747585156,22.250028737925778,yfinance,2026-07-18T14:49:07Z
2026-07-18,VRT,Vertiv,5.0,0.1522672617580549,USD,289.5599975585937,1.0,289.5599975585937,2026-07-17,44.09050794291613,50.0,-5.909492057083867,-11.818984114167732,yfinance,2026-07-18T14:49:07Z
2026-07-19,000660.KS,SK Hynix,8.0,0.0625538166478737,KRW,1842000.0,0.0006722870035235,1238.3526604904675,2026-07-16,77.4636852697273,80.0,-2.536314730272693,-3.170393412840866,yfinance,2026-07-19T14:52:35Z
2026-07-19,AVGO,Broadcom,10.0,0.2417444256507892,USD,370.8299865722656,1.0,370.8299865722656,2026-07-17,89.64608211800224,100.0,-10.35391788199776,-10.35391788199776,yfinance,2026-07-19T14:52:35Z
2026-07-19,CASH,Cash,10.0,100.0,USD,1.0,1.0,1.0,2026-07-19,100.0,100.0,0.0,0.0,cash,2026-07-19T14:52:35Z
2026-07-19,CEG,Constellation Energy,5.0,0.1687260186663456,USD,252.38999938964844,1.0,252.38999938964844,2026-07-17,42.58475974821679,50.0,-7.41524025178321,-14.83048050356642,yfinance,2026-07-19T14:52:35Z
2026-07-19,GOOGL,Alphabet,15.0,0.3891454452478011,USD,346.7699890136719,1.0,346.7699890136719,2026-07-17,134.94396177330046,150.0,-15.056038226699542,-10.037358817799696,yfinance,2026-07-19T14:52:35Z
2026-07-19,MCO,Moody's,2.0,0.0444681598313336,USD,510.8599853515625,1.0,510.8599853515625,2026-07-17,22.717003480046053,20.0,2.7170034800460527,13.585017400230264,yfinance,2026-07-19T14:52:35Z
2026-07-19,MSCI,MSCI,2.0,0.0339052007771873,USD,628.6599731445312,1.0,628.6599731445312,2026-07-17,21.31484261004653,20.0,1.3148426100465294,6.574213050232647,yfinance,2026-07-19T14:52:35Z
2026-07-19,MSFT,Microsoft,18.0,0.4293689203419845,USD,393.8200073242188,1.0,393.8200073242188,2026-07-17,169.09407135387224,180.0,-10.905928646127762,-6.058849247848757,yfinance,2026-07-19T14:52:35Z
2026-07-19,NVDA,NVIDIA,7.0,0.323166358553396,USD,202.8099975585937,1.0,202.8099975585937,2026-07-17,65.54136838923388,70.0,-4.458631610766119,-6.369473729665883,yfinance,2026-07-19T14:52:35Z
2026-07-19,SPGI,S&P Global,2.0,0.047848035759865,USD,450.8399963378906,1.0,450.8399963378906,2026-07-17,21.5718082667528,20.0,1.5718082667528002,7.859041333764001,yfinance,2026-07-19T14:52:35Z
2026-07-19,TER,Teradyne,7.0,0.1958589848780872,USD,322.3599853515625,1.0,322.3599853515625,2026-07-17,63.1370994962721,70.0,-6.8629005037279,-9.804143576754145,yfinance,2026-07-19T14:52:35Z
2026-07-19,TSM,TSMC,7.0,0.1719669363096472,USD,398.3699951171875,1.0,398.3699951171875,2026-07-17,68.50646757799187,70.0,-1.49353242200813,-2.1336177457259,yfinance,2026-07-19T14:52:35Z
2026-07-19,VEEV,Veeva Systems,2.0,0.1251407776463619,USD,195.3800048828125,1.0,195.3800048828125,2026-07-17,24.45000574758516,20.0,4.450005747585156,22.250028737925778,yfinance,2026-07-19T14:52:35Z
2026-07-19,VRT,Vertiv,5.0,0.1522672617580549,USD,289.5599975585937,1.0,289.5599975585937,2026-07-17,44.09050794291613,50.0,-5.909492057083867,-11.818984114167732,yfinance,2026-07-19T14:52:35Z
2026-07-20,000660.KS,SK Hynix,8.0,0.0625538166478737,KRW,1842000.0,0.0006762056903468,1245.570881618852,2026-07-16,77.91521255071609,80.0,-2.084787449283908,-2.6059843116048853,yfinance,2026-07-20T15:47:53Z
2026-07-20,AVGO,Broadcom,10.0,0.2417444256507892,USD,381.260009765625,1.0,381.260009765625,2026-07-20,92.16748208440532,100.0,-7.832517915594693,-7.832517915594693,yfinance,2026-07-20T15:47:53Z
2026-07-20,CASH,Cash,10.0,100.0,USD,1.0,1.0,1.0,2026-07-20,100.0,100.0,0.0,0.0,cash,2026-07-20T15:47:53Z
2026-07-20,CEG,Constellation Energy,5.0,0.1687260186663456,USD,253.3600006103516,1.0,253.3600006103516,2026-07-20,42.74842419228752,50.0,-7.251575807712477,-14.503151615424956,yfinance,2026-07-20T15:47:53Z
2026-07-20,GOOGL,Alphabet,15.0,0.3891454452478011,USD,357.20001220703125,1.0,357.20001220703125,2026-07-20,139.00275779282518,150.0,-10.99724220717482,-7.3314948047832145,yfinance,2026-07-20T15:47:53Z
2026-07-20,MCO,Moody's,2.0,0.0444681598313336,USD,506.7900085449219,1.0,506.7900085449219,2026-07-20,22.53601910089854,20.0,2.536019100898539,12.680095504492694,yfinance,2026-07-20T15:47:53Z
2026-07-20,MSCI,MSCI,2.0,0.0339052007771873,USD,628.52001953125,1.0,628.52001953125,2026-07-20,21.310097454688734,20.0,1.3100974546887336,6.550487273443668,yfinance,2026-07-20T15:47:53Z
2026-07-20,MSFT,Microsoft,18.0,0.4293689203419845,USD,398.3919982910156,1.0,398.3919982910156,2026-07-20,171.05714217909912,180.0,-8.942857820900883,-4.968254344944935,yfinance,2026-07-20T15:47:53Z
2026-07-20,NVDA,NVIDIA,7.0,0.323166358553396,USD,205.34500122070312,1.0,205.34500122070312,2026-07-20,66.3605962916373,70.0,-3.639403708362707,-5.199148154803867,yfinance,2026-07-20T15:47:53Z
2026-07-20,SPGI,S&P Global,2.0,0.047848035759865,USD,448.875,1.0,448.875,2026-07-20,21.47778705170941,20.0,1.4777870517094058,7.388935258547029,yfinance,2026-07-20T15:47:53Z
2026-07-20,TER,Teradyne,7.0,0.1958589848780872,USD,340.010009765625,1.0,340.010009765625,2026-07-20,66.59401536108383,70.0,-3.4059846389161663,-4.865692341308809,yfinance,2026-07-20T15:47:53Z
2026-07-20,TSM,TSMC,7.0,0.1719669363096472,USD,403.9100036621094,1.0,403.9100036621094,2026-07-20,69.45916587459135,70.0,-0.5408341254086508,-0.7726201791552155,yfinance,2026-07-20T15:47:53Z
2026-07-20,VEEV,Veeva Systems,2.0,0.1251407776463619,USD,197.8800048828125,1.0,197.8800048828125,2026-07-20,24.76285769170106,20.0,4.762857691701061,23.814288458505303,yfinance,2026-07-20T15:47:53Z
2026-07-20,VRT,Vertiv,5.0,0.1522672617580549,USD,293.7699890136719,1.0,293.7699890136719,2026-07-20,44.731551813805694,50.0,-5.2684481861943055,-10.536896372388613,yfinance,2026-07-20T15:47:53Z
2026-07-21,000660.KS,SK Hynix,8.0,0.0625538166478737,KRW,1764000.0,0.0006758354904876,1192.1738052202843,2026-07-20,74.57502162414758,80.0,-5.424978375852419,-6.781222969815523,yfinance,2026-07-21T15:41:11Z
2026-07-21,AVGO,Broadcom,10.0,0.2417444256507892,USD,384.80999755859375,1.0,384.80999755859375,2026-07-21,93.02567184448384,100.0,-6.974328155516147,-6.974328155516147,yfinance,2026-07-21T15:41:11Z
2026-07-21,CASH,Cash,10.0,100.0,USD,1.0,1.0,1.0,2026-07-21,100.0,100.0,0.0,0.0,cash,2026-07-21T15:41:11Z
2026-07-21,CEG,Constellation Energy,5.0,0.1687260186663456,USD,262.0,1.0,262.0,2026-07-21,44.20621689058256,50.0,-5.79378310941744,-11.58756621883488,yfinance,2026-07-21T15:41:11Z
2026-07-21,GOOGL,Alphabet,15.0,0.3891454452478011,USD,349.2099914550781,1.0,349.2099914550781,2026-07-21,135.89347760976722,150.0,-14.106522390232785,-9.404348260155189,yfinance,2026-07-21T15:41:11Z
2026-07-21,MCO,Moody's,2.0,0.0444681598313336,USD,491.9949951171875,1.0,491.9949951171875,2026-07-21,21.87811207908732,20.0,1.87811207908732,9.390560395436598,yfinance,2026-07-21T15:41:11Z
2026-07-21,MSCI,MSCI,2.0,0.0339052007771873,USD,568.75,1.0,568.75,2026-07-21,19.28358294202529,20.0,-0.7164170579747058,-3.582085289873529,yfinance,2026-07-21T15:41:11Z
2026-07-21,MSFT,Microsoft,18.0,0.4293689203419845,USD,399.8586120605469,1.0,399.8586120605469,2026-07-21,171.68686054988143,180.0,-8.31313945011857,-4.618410805621428,yfinance,2026-07-21T15:41:11Z
2026-07-21,NVDA,NVIDIA,7.0,0.323166358553396,USD,206.6150054931641,1.0,206.6150054931641,2026-07-21,66.77101894771575,70.0,-3.2289810522842544,-4.612830074691792,yfinance,2026-07-21T15:41:11Z
2026-07-21,SPGI,S&P Global,2.0,0.047848035759865,USD,435.7250061035156,1.0,435.7250061035156,2026-07-21,20.848585673508413,20.0,0.8485856735084134,4.242928367542067,yfinance,2026-07-21T15:41:11Z
2026-07-21,TER,Teradyne,7.0,0.1958589848780872,USD,373.010009765625,1.0,373.010009765625,2026-07-21,73.05736186206072,70.0,3.0573618620607164,4.36765980294388,yfinance,2026-07-21T15:41:11Z
2026-07-21,TSM,TSMC,7.0,0.1719669363096472,USD,419.4649963378906,1.0,419.4649963378906,2026-07-21,72.13411030936444,70.0,2.134110309364445,3.0487290133777782,yfinance,2026-07-21T15:41:11Z
2026-07-21,VEEV,Veeva Systems,2.0,0.1251407776463619,USD,191.69500732421875,1.0,191.69500732421875,2026-07-21,23.988862287477787,20.0,3.9888622874777866,19.944311437388933,yfinance,2026-07-21T15:41:11Z
2026-07-21,VRT,Vertiv,5.0,0.1522672617580549,USD,301.7550048828125,1.0,301.7550048828125,2026-07-21,45.947408315294346,50.0,-4.052591684705654,-8.105183369411307,yfinance,2026-07-21T15:41:11Z
2026-07-22,000660.KS,SK Hynix,8.0,0.0625538166478737,KRW,1836000.0,0.00067724979704,1243.4306273654552,2026-07-21,77.78133147856926,80.0,-2.218668521430743,-2.773335651788429,yfinance,2026-07-22T15:38:54Z
2026-07-22,AVGO,Broadcom,10.0,0.2417444256507892,USD,391.625,1.0,391.625,2026-07-22,94.67316069549034,100.0,-5.326839304509662,-5.326839304509662,yfinance,2026-07-22T15:38:54Z
2026-07-22,CASH,Cash,10.0,100.0,USD,1.0,1.0,1.0,2026-07-22,100.0,100.0,0.0,0.0,cash,2026-07-22T15:38:54Z
2026-07-22,CEG,Constellation Energy,5.0,0.1687260186663456,USD,270.760009765625,1.0,270.760009765625,2026-07-22,45.68425846181477,50.0,-4.315741538185229,-8.631483076370458,yfinance,2026-07-22T15:38:54Z
2026-07-22,GOOGL,Alphabet,15.0,0.3891454452478011,USD,347.2850036621094,1.0,347.2850036621094,2026-07-22,135.1443773779758,150.0,-14.855622622024184,-9.903748414682791,yfinance,2026-07-22T15:38:54Z
2026-07-22,MCO,Moody's,2.0,0.0444681598313336,USD,491.9500122070313,1.0,491.9500122070313,2026-07-22,21.87611177184881,20.0,1.8761117718488125,9.38055885924406,yfinance,2026-07-22T15:38:54Z
2026-07-22,MSCI,MSCI,2.0,0.0339052007771873,USD,568.6649780273438,1.0,568.6649780273438,2026-07-22,19.28070025497191,20.0,-0.7192997450280885,-3.5964987251404423,yfinance,2026-07-22T15:38:54Z
2026-07-22,MSFT,Microsoft,18.0,0.4293689203419845,USD,388.5320129394531,1.0,388.5320129394531,2026-07-22,166.82357091411097,180.0,-13.176429085889056,-7.320238381049475,yfinance,2026-07-22T15:38:54Z
2026-07-22,NVDA,NVIDIA,7.0,0.323166358553396,USD,212.0500030517578,1.0,212.0500030517578,2026-07-22,68.52742731747308,70.0,-1.4725726825269163,-2.1036752607527376,yfinance,2026-07-22T15:38:54Z
2026-07-22,SPGI,S&P Global,2.0,0.047848035759865,USD,430.5499877929688,1.0,430.5499877929688,2026-07-22,20.60097121232741,20.0,0.600971212327412,3.00485606163706,yfinance,2026-07-22T15:38:54Z
2026-07-22,TER,Teradyne,7.0,0.1958589848780872,USD,372.6300048828125,1.0,372.6300048828125,2026-07-22,72.98293449146435,70.0,2.9829344914643485,4.261334987806213,yfinance,2026-07-22T15:38:54Z
2026-07-22,TSM,TSMC,7.0,0.1719669363096472,USD,422.3699951171875,1.0,422.3699951171875,2026-07-22,72.6336740494234,70.0,2.633674049423405,3.762391499176293,yfinance,2026-07-22T15:38:54Z
2026-07-22,VEEV,Veeva Systems,2.0,0.1251407776463619,USD,184.1199951171875,1.0,184.1199951171875,2026-07-22,23.040919369209213,20.0,3.040919369209213,15.204596846046064,yfinance,2026-07-22T15:38:54Z
2026-07-22,VRT,Vertiv,5.0,0.1522672617580549,USD,299.6506042480469,1.0,299.6506042480469,2026-07-22,45.626976992996674,50.0,-4.373023007003326,-8.746046014006652,yfinance,2026-07-22T15:38:54Z
2026-07-23,000660.KS,SK Hynix,8.0,0.0625538166478737,KRW,1830000.0,0.0006780212605021,1240.778906718858,2026-07-22,77.61545623144065,80.0,-2.384543768559354,-2.980679710699192,yfinance,2026-07-23T15:52:53Z
2026-07-23,AVGO,Broadcom,10.0,0.2417444256507892,USD,388.5000915527344,1.0,388.5000915527344,2026-07-23,93.9177314976948,100.0,-6.082268502305197,-6.082268502305197,yfinance,2026-07-23T15:52:53Z
2026-07-23,CASH,Cash,10.0,100.0,USD,1.0,1.0,1.0,2026-07-23,100.0,100.0,0.0,0.0,cash,2026-07-23T15:52:53Z
2026-07-23,CEG,Constellation Energy,5.0,0.1687260186663456,USD,272.8699951171875,1.0,272.8699951171875,2026-07-23,46.04026788962823,50.0,-3.959732110371775,-7.919464220743549,yfinance,2026-07-23T15:52:53Z
2026-07-23,GOOGL,Alphabet,15.0,0.3891454452478011,USD,319.82000732421875,1.0,319.82000732421875,2026-07-23,124.45649914933811,150.0,-25.54350085066187,-17.029000567107914,yfinance,2026-07-23T15:52:53Z
2026-07-23,MCO,Moody's,2.0,0.0444681598313336,USD,473.125,1.0,473.125,2026-07-23,21.03899812019974,20.0,1.0389981201997394,5.194990600998697,yfinance,2026-07-23T15:52:53Z
2026-07-23,MSCI,MSCI,2.0,0.0339052007771873,USD,559.0,1.0,559.0,2026-07-23,18.95300723444772,20.0,-1.0469927655522824,-5.234963827761412,yfinance,2026-07-23T15:52:53Z
2026-07-23,MSFT,Microsoft,18.0,0.4293689203419845,USD,378.7449951171875,1.0,378.7449951171875,2026-07-23,162.621329638397,180.0,-17.378670361603014,-9.65481686755723,yfinance,2026-07-23T15:52:53Z
2026-07-23,NVDA,NVIDIA,7.0,0.323166358553396,USD,207.9197998046875,1.0,207.9197998046875,2026-07-23,67.19268457403196,70.0,-2.807315425968042,-4.010450608525774,yfinance,2026-07-23T15:52:53Z
2026-07-23,SPGI,S&P Global,2.0,0.047848035759865,USD,419.5750122070313,1.0,419.5750122070313,2026-07-23,20.07584018802783,20.0,0.0758401880278292,0.379200940139146,yfinance,2026-07-23T15:52:53Z
2026-07-23,TER,Teradyne,7.0,0.1958589848780872,USD,369.80999755859375,1.0,369.80999755859375,2026-07-23,72.43061071959409,70.0,2.4306107195940854,3.4723010279915507,yfinance,2026-07-23T15:52:53Z
2026-07-23,TSM,TSMC,7.0,0.1719669363096472,USD,414.5400085449219,1.0,414.5400085449219,2026-07-23,71.2871752472452,70.0,1.2871752472452016,1.83882178177886,yfinance,2026-07-23T15:52:53Z
2026-07-23,VEEV,Veeva Systems,2.0,0.1251407776463619,USD,180.72000122070312,1.0,180.72000122070312,2026-07-23,22.61544148901028,20.0,2.615441489010273,13.077207445051364,yfinance,2026-07-23T15:52:53Z
2026-07-23,VRT,Vertiv,5.0,0.1522672617580549,USD,302.1849975585937,1.0,302.1849975585937,2026-07-23,46.01288212261158,50.0,-3.987117877388421,-7.974235754776843,yfinance,2026-07-23T15:52:53Z
2026-07-24,000660.KS,SK Hynix,8.0,0.0625538166478737,KRW,1919000.0,0.0006849737152206,1314.464559508471,2026-07-23,82.22477504562097,80.0,2.224775045620973,2.780968807026216,yfinance,2026-07-24T15:23:28Z
2026-07-24,AVGO,Broadcom,10.0,0.2417444256507892,USD,385.0799865722656,1.0,385.0799865722656,2026-07-24,93.090940183526,100.0,-6.909059816474013,-6.909059816474013,yfinance,2026-07-24T15:23:28Z
2026-07-24,CASH,Cash,10.0,100.0,USD,1.0,1.0,1.0,2026-07-24,100.0,100.0,0.0,0.0,cash,2026-07-24T15:23:28Z
2026-07-24,CEG,Constellation Energy,5.0,0.1687260186663456,USD,278.1199951171875,1.0,278.1199951171875,2026-07-24,46.92607948762654,50.0,-3.073920512373462,-6.147841024746924,yfinance,2026-07-24T15:23:28Z
2026-07-24,GOOGL,Alphabet,15.0,0.3891454452478011,USD,319.0599975585937,1.0,319.0599975585937,2026-07-24,124.16074481070132,150.0,-25.839255189298683,-17.226170126199122,yfinance,2026-07-24T15:23:28Z
2026-07-24,MCO,Moody's,2.0,0.0444681598313336,USD,470.05999755859375,1.0,470.05999755859375,2026-07-24,20.902703101751857,20.0,0.9027031017518574,4.513515508759287,yfinance,2026-07-24T15:23:28Z
2026-07-24,MSCI,MSCI,2.0,0.0339052007771873,USD,555.969970703125,1.0,555.969970703125,2026-07-24,18.85027348277641,20.0,-1.1497265172235878,-5.748632586117939,yfinance,2026-07-24T15:23:28Z
2026-07-24,MSFT,Microsoft,18.0,0.4293689203419845,USD,383.0400085449219,1.0,383.0400085449219,2026-07-24,164.46547491671762,180.0,-15.534525083282375,-8.630291712934653,yfinance,2026-07-24T15:23:28Z
2026-07-24,NVDA,NVIDIA,7.0,0.323166358553396,USD,209.6649932861328,1.0,209.6649932861328,2026-07-24,67.75667239640177,70.0,-2.243327603598232,-3.2047537194260456,yfinance,2026-07-24T15:23:28Z
2026-07-24,SPGI,S&P Global,2.0,0.047848035759865,USD,424.5499877929688,1.0,424.5499877929688,2026-07-24,20.31388299776822,20.0,0.3138829977682214,1.5694149888411069,yfinance,2026-07-24T15:23:28Z
2026-07-24,TER,Teradyne,7.0,0.1958589848780872,USD,358.1025085449219,1.0,358.1025085449219,2026-07-24,70.13759380590496,70.0,0.1375938059049559,0.1965625798642228,yfinance,2026-07-24T15:23:28Z
2026-07-24,TSM,TSMC,7.0,0.1719669363096472,USD,406.75,1.0,406.75,2026-07-24,69.94755134394902,70.0,-0.0524486560509842,-0.074926651501406,yfinance,2026-07-24T15:23:28Z
2026-07-24,VEEV,Veeva Systems,2.0,0.1251407776463619,USD,186.88999938964844,1.0,186.88999938964844,2026-07-24,23.38755985794872,20.0,3.38755985794872,16.937799289743598,yfinance,2026-07-24T15:23:28Z
2026-07-24,VRT,Vertiv,5.0,0.1522672617580549,USD,294.9800109863281,1.0,294.9800109863281,2026-07-24,44.915798546249135,50.0,-5.084201453750865,-10.16840290750173,yfinance,2026-07-24T15:23:28Z
2026-07-25,000660.KS,SK Hynix,8.0,0.0625538166478737,KRW,1759000.0,0.0006839477578126,1203.0641059925329,2026-07-24,75.25625150189501,80.0,-4.743748498104992,-5.92968562263124,yfinance,2026-07-25T14:59:50Z
2026-07-25,AVGO,Broadcom,10.0,0.2417444256507892,USD,381.9200134277344,1.0,381.9200134277344,2026-07-24,92.32703429062936,100.0,-7.672965709370644,-7.672965709370644,yfinance,2026-07-25T14:59:50Z
2026-07-25,CASH,Cash,10.0,100.0,USD,1.0,1.0,1.0,2026-07-25,100.0,100.0,0.0,0.0,cash,2026-07-25T14:59:50Z
2026-07-25,CEG,Constellation Energy,5.0,0.1687260186663456,USD,274.3500061035156,1.0,274.3500061035156,2026-07-24,46.28998425093382,50.0,-3.71001574906618,-7.420031498132359,yfinance,2026-07-25T14:59:50Z
2026-07-25,GOOGL,Alphabet,15.0,0.3891454452478011,USD,319.739990234375,1.0,319.739990234375,2026-07-24,124.42536086328344,150.0,-25.57463913671656,-17.049759424477703,yfinance,2026-07-25T14:59:50Z
2026-07-25,MCO,Moody's,2.0,0.0444681598313336,USD,471.5,1.0,471.5,2026-07-24,20.96673736047382,20.0,0.9667373604738216,4.833686802369108,yfinance,2026-07-25T14:59:50Z
2026-07-25,MSCI,MSCI,2.0,0.0339052007771873,USD,550.7899780273438,1.0,550.7899780273438,2026-07-24,18.67464479107969,20.0,-1.3253552089203104,-6.626776044601552,yfinance,2026-07-25T14:59:50Z
2026-07-25,MSFT,Microsoft,18.0,0.4293689203419845,USD,381.7000122070313,1.0,381.7000122070313,2026-07-24,163.8901221358553,180.0,-16.109877864144693,-8.94993214674705,yfinance,2026-07-25T14:59:50Z
2026-07-25,NVDA,NVIDIA,7.0,0.323166358553396,USD,206.83999633789065,1.0,206.83999633789065,2026-07-24,66.84372841971388,70.0,-3.1562715802861163,-4.508959400408737,yfinance,2026-07-25T14:59:50Z
2026-07-25,SPGI,S&P Global,2.0,0.047848035759865,USD,426.3999938964844,1.0,426.3999938964844,2026-07-24,20.40240215596521,20.0,0.4024021559652055,2.012010779826028,yfinance,2026-07-25T14:59:50Z
2026-07-25,TER,Teradyne,7.0,0.1958589848780872,USD,349.9200134277344,1.0,349.9200134277344,2026-07-24,68.53497861848271,70.0,-1.465021381517289,-2.092887687881841,yfinance,2026-07-25T14:59:50Z
2026-07-25,TSM,TSMC,7.0,0.1719669363096472,USD,403.4100036621094,1.0,403.4100036621094,2026-07-24,69.37318240643653,70.0,-0.626817593563473,-0.8954537050906757,yfinance,2026-07-25T14:59:50Z
2026-07-25,VEEV,Veeva Systems,2.0,0.1251407776463619,USD,186.2400054931641,1.0,186.2400054931641,2026-07-24,23.30621911627728,20.0,3.3062191162772763,16.53109558138638,yfinance,2026-07-25T14:59:50Z
2026-07-25,VRT,Vertiv,5.0,0.1522672617580549,USD,290.3599853515625,1.0,290.3599853515625,2026-07-24,44.21231989359136,50.0,-5.787680106408644,-11.575360212817287,yfinance,2026-07-25T14:59:50Z
2026-07-26,000660.KS,SK Hynix,8.0,0.0625538166478737,KRW,1759000.0,0.0006852036904307,1205.2732914677672,2026-07-24,75.39444448505395,80.0,-4.605555514946047,-5.756944393682559,yfinance,2026-07-26T15:02:27Z
2026-07-26,AVGO,Broadcom,10.0,0.2417444256507892,USD,392.4700012207031,1.0,392.4700012207031,2026-07-23,94.87743503026344,100.0,-5.1225649697365725,-5.1225649697365725,yfinance,2026-07-26T15:02:27Z
2026-07-26,CASH,Cash,10.0,100.0,USD,1.0,1.0,1.0,2026-07-26,100.0,100.0,0.0,0.0,cash,2026-07-26T15:02:27Z
2026-07-26,CEG,Constellation Energy,5.0,0.1687260186663456,USD,275.6000061035156,1.0,275.6000061035156,2026-07-23,46.50089177426676,50.0,-3.499108225733245,-6.998216451466491,yfinance,2026-07-26T15:02:27Z
2026-07-26,GOOGL,Alphabet,15.0,0.3891454452478011,USD,317.69000244140625,1.0,317.69000244140625,2026-07-23,123.62761745083608,150.0,-26.37238254916393,-17.581588366109287,yfinance,2026-07-26T15:02:27Z
2026-07-26,MCO,Moody's,2.0,0.0444681598313336,USD,472.239990234375,1.0,472.239990234375,2026-07-23,20.99964336448964,20.0,0.9996433644896356,4.998216822448178,yfinance,2026-07-26T15:02:27Z
2026-07-26,MSCI,MSCI,2.0,0.0339052007771873,USD,552.510009765625,1.0,552.510009765625,2026-07-23,18.73296281250925,20.0,-1.2670371874907502,-6.335185937453751,yfinance,2026-07-26T15:02:27Z
2026-07-26,MSFT,Microsoft,18.0,0.4293689203419845,USD,381.5799865722656,1.0,381.5799865722656,2026-07-23,163.83858685864263,180.0,-16.16141314135737,-8.978562856309651,yfinance,2026-07-26T15:02:27Z
2026-07-26,NVDA,NVIDIA,7.0,0.323166358553396,USD,208.759994506836,1.0,208.759994506836,2026-07-23,67.46420723640114,70.0,-2.535792763598863,-3.622561090855519,yfinance,2026-07-26T15:02:27Z
2026-07-26,SPGI,S&P Global,2.0,0.047848035759865,USD,420.0,1.0,420.0,2026-07-23,20.096175019143303,20.0,0.0961750191433026,0.480875095716513,yfinance,2026-07-26T15:02:27Z
2026-07-26,TER,Teradyne,7.0,0.1958589848780872,USD,373.75,1.0,373.75,2026-07-23,73.2022955981851,70.0,3.2022955981851027,4.574707997407289,yfinance,2026-07-26T15:02:27Z
2026-07-26,TSM,TSMC,7.0,0.1719669363096472,USD,415.5799865722656,1.0,415.5799865722656,2026-07-23,71.46601708243686,70.0,1.4660170824368637,2.094310117766948,yfinance,2026-07-26T15:02:27Z
2026-07-26,VEEV,Veeva Systems,2.0,0.1251407776463619,USD,179.5800018310547,1.0,179.5800018310547,2026-07-23,22.47278107887329,20.0,2.4727810788732896,12.363905394366448,yfinance,2026-07-26T15:02:27Z
2026-07-26,VRT,Vertiv,5.0,0.1522672617580549,USD,304.0400085449219,1.0,304.0400085449219,2026-07-23,46.29533956603087,50.0,-3.7046604339691314,-7.409320867938263,yfinance,2026-07-26T15:02:27Z
2026-07-27,000660.KS,SK Hynix,8.0,0.0625538166478737,KRW,1759000.0,0.0006817190204183,1199.143756915907,2026-07-24,75.01101870456009,80.0,-4.988981295439913,-6.236226619299892,yfinance,2026-07-27T16:15:03Z
2026-07-27,AVGO,Broadcom,10.0,0.2417444256507892,USD,380.5799865722656,1.0,380.5799865722656,2026-07-27,92.00309026809744,100.0,-7.996909731902562,-7.996909731902563,yfinance,2026-07-27T16:15:03Z
2026-07-27,CASH,Cash,10.0,100.0,USD,1.0,1.0,1.0,2026-07-27,100.0,100.0,0.0,0.0,cash,2026-07-27T16:15:03Z
2026-07-27,CEG,Constellation Energy,5.0,0.1687260186663456,USD,272.5299987792969,1.0,272.5299987792969,2026-07-27,45.9829016611748,50.0,-4.0170983388252,-8.0341966776504,yfinance,2026-07-27T16:15:03Z
2026-07-27,GOOGL,Alphabet,15.0,0.3891454452478011,USD,328.010009765625,1.0,328.010009765625,2026-07-27,127.64360129597976,150.0,-22.35639870402025,-14.904265802680166,yfinance,2026-07-27T16:15:03Z
2026-07-27,MCO,Moody's,2.0,0.0444681598313336,USD,486.5,1.0,486.5,2026-07-27,21.633759757943828,20.0,1.633759757943828,8.16879878971914,yfinance,2026-07-27T16:15:03Z
2026-07-27,MSCI,MSCI,2.0,0.0339052007771873,USD,565.844970703125,1.0,565.844970703125,2026-07-27,19.185087340451137,20.0,-0.8149126595488632,-4.074563297744316,yfinance,2026-07-27T16:15:03Z
2026-07-27,MSFT,Microsoft,18.0,0.4293689203419845,USD,390.0,1.0,390.0,2026-07-27,167.45387893337394,180.0,-12.546121066626055,-6.970067259236698,yfinance,2026-07-27T16:15:03Z
2026-07-27,NVDA,NVIDIA,7.0,0.323166358553396,USD,197.62989807128903,1.0,197.62989807128903,2026-07-27,63.867334500977314,70.0,-6.132665499022686,-8.760950712889551,yfinance,2026-07-27T16:15:03Z
2026-07-27,SPGI,S&P Global,2.0,0.047848035759865,USD,438.1051025390625,1.0,438.1051025390625,2026-07-27,20.96246861286839,20.0,0.9624686128683884,4.812343064341942,yfinance,2026-07-27T16:15:03Z
2026-07-27,TER,Teradyne,7.0,0.1958589848780872,USD,328.7699890136719,1.0,328.7699890136719,2026-07-27,64.39255630659767,70.0,-5.607443693402331,-8.010633847717616,yfinance,2026-07-27T16:15:03Z
2026-07-27,TSM,TSMC,7.0,0.1719669363096472,USD,395.864990234375,1.0,395.864990234375,2026-07-27,68.0756895628539,70.0,-1.9243104371461044,-2.7490149102087207,yfinance,2026-07-27T16:15:03Z
2026-07-27,VEEV,Veeva Systems,2.0,0.1251407776463619,USD,194.7700042724609,1.0,194.7700042724609,2026-07-27,24.373669796841007,20.0,4.373669796841007,21.868348984205035,yfinance,2026-07-27T16:15:03Z
2026-07-27,VRT,Vertiv,5.0,0.1522672617580549,USD,278.54998779296875,1.0,278.54998779296875,2026-07-27,42.41404390397497,50.0,-7.585956096025029,-15.171912192050058,yfinance,2026-07-27T16:15:03Z
2026-07-28,000660.KS,SK Hynix,8.0,0.0625538166478737,KRW,1816000.0,0.0006881270696522,1249.6387584883985,2026-07-27,78.16967377455981,80.0,-1.8303262254401889,-2.287907781800236,yfinance,2026-07-28T16:04:12Z
2026-07-28,AVGO,Broadcom,10.0,0.2417444256507892,USD,384.0499877929688,1.0,384.0499877929688,2026-07-28,92.84194372020384,100.0,-7.158056279796156,-7.158056279796156,yfinance,2026-07-28T16:04:12Z
2026-07-28,CASH,Cash,10.0,100.0,USD,1.0,1.0,1.0,2026-07-28,100.0,100.0,0.0,0.0,cash,2026-07-28T16:04:12Z
2026-07-28,CEG,Constellation Energy,5.0,0.1687260186663456,USD,261.0299987792969,1.0,261.0299987792969,2026-07-28,44.04255244651183,50.0,-5.957447553488173,-11.914895106976346,yfinance,2026-07-28T16:04:12Z
2026-07-28,GOOGL,Alphabet,15.0,0.3891454452478011,USD,333.1000061035156,1.0,333.1000061035156,2026-07-28,129.62435018719788,150.0,-20.375649812802124,-13.583766541868084,yfinance,2026-07-28T16:04:12Z
2026-07-28,MCO,Moody's,2.0,0.0444681598313336,USD,488.1900024414063,1.0,488.1900024414063,2026-07-28,21.708911056623624,20.0,1.7089110566236236,8.544555283118118,yfinance,2026-07-28T16:04:12Z
2026-07-28,MSCI,MSCI,2.0,0.0339052007771873,USD,582.969970703125,1.0,582.969970703125,2026-07-28,19.76571390376047,20.0,-0.2342860962395292,-1.171430481197646,yfinance,2026-07-28T16:04:12Z
2026-07-28,MSFT,Microsoft,18.0,0.4293689203419845,USD,396.49169921875,1.0,396.49169921875,2026-07-28,170.24121281811355,180.0,-9.758787181886447,-5.42154843438136,yfinance,2026-07-28T16:04:12Z
2026-07-28,NVDA,NVIDIA,7.0,0.323166358553396,USD,198.3000030517578,1.0,198.3000030517578,2026-07-28,64.0838898873639,70.0,-5.916110112636105,-8.451585875194436,yfinance,2026-07-28T16:04:12Z
2026-07-28,SPGI,S&P Global,2.0,0.047848035759865,USD,435.0199890136719,1.0,435.0199890136719,2026-07-28,20.81485199058225,20.0,0.8148519905822553,4.074259952911277,yfinance,2026-07-28T16:04:12Z
2026-07-28,TER,Teradyne,7.0,0.1958589848780872,USD,314.1199951171875,1.0,314.1199951171875,2026-07-28,61.52322337356206,70.0,-8.476776626437939,-12.10968089491134,yfinance,2026-07-28T16:04:12Z
2026-07-28,TSM,TSMC,7.0,0.1719669363096472,USD,393.3499145507813,1.0,393.3499145507813,2026-07-28,67.64317970295939,70.0,-2.3568202970406134,-3.3668861386294475,yfinance,2026-07-28T16:04:12Z
2026-07-28,VEEV,Veeva Systems,2.0,0.1251407776463619,USD,201.07000732421875,1.0,201.07000732421875,2026-07-28,25.16205707791244,20.0,5.162057077912433,25.810285389562164,yfinance,2026-07-28T16:04:12Z
2026-07-28,VRT,Vertiv,5.0,0.1522672617580549,USD,269.010009765625,1.0,269.010009765625,2026-07-28,40.96141757251933,50.0,-9.03858242748067,-18.07716485496134,yfinance,2026-07-28T16:04:12Z
2026-07-29,000660.KS,SK Hynix,8.0,0.0625538166478737,KRW,1550000.0,0.0006886673118999,1067.4343334449447,2026-07-28,66.77209157796037,80.0,-13.227908422039633,-16.53488552754954,yfinance,2026-07-29T15:48:08Z
2026-07-29,AVGO,Broadcom,10.0,0.2417444256507892,USD,372.031005859375,1.0,372.031005859375,2026-07-29,89.93642183576002,100.0,-10.063578164239985,-10.063578164239985,yfinance,2026-07-29T15:48:08Z
2026-07-29,CASH,Cash,10.0,100.0,USD,1.0,1.0,1.0,2026-07-29,100.0,100.0,0.0,0.0,cash,2026-07-29T15:48:08Z
2026-07-29,CEG,Constellation Energy,5.0,0.1687260186663456,USD,258.0350036621094,1.0,258.0350036621094,2026-07-29,43.53721884446364,50.0,-6.462781155536362,-12.925562311072724,yfinance,2026-07-29T15:48:08Z
2026-07-29,GOOGL,Alphabet,15.0,0.3891454452478011,USD,333.9150085449219,1.0,333.9150085449219,2026-07-29,129.94150467513694,150.0,-20.05849532486306,-13.372330216575373,yfinance,2026-07-29T15:48:08Z
2026-07-29,MCO,Moody's,2.0,0.0444681598313336,USD,486.3699951171875,1.0,486.3699951171875,2026-07-29,21.627978680036065,20.0,1.6279786800360654,8.139893400180327,yfinance,2026-07-29T15:48:08Z
2026-07-29,MSCI,MSCI,2.0,0.0339052007771873,USD,583.8825073242188,1.0,583.8825073242188,2026-07-29,19.79665364111519,20.0,-0.2033463588848114,-1.0167317944240573,yfinance,2026-07-29T15:48:08Z
2026-07-29,MSFT,Microsoft,18.0,0.4293689203419845,USD,394.9549865722656,1.0,394.9549865722656,2026-07-29,169.58139616821666,180.0,-10.418603831783344,-5.788113239879635,yfinance,2026-07-29T15:48:08Z
2026-07-29,NVDA,NVIDIA,7.0,0.323166358553396,USD,191.8847045898437,1.0,191.8847045898437,2026-07-29,62.01068124439392,70.0,-7.989318755606078,-11.413312508008683,yfinance,2026-07-29T15:48:08Z
2026-07-29,SPGI,S&P Global,2.0,0.047848035759865,USD,419.25,1.0,419.25,2026-07-29,20.060288992323404,20.0,0.0602889923234037,0.3014449616170189,yfinance,2026-07-29T15:48:08Z
2026-07-29,TER,Teradyne,7.0,0.1958589848780872,USD,331.0050048828125,1.0,331.0050048828125,2026-07-29,64.83030424591396,70.0,-5.169695754086035,-7.385279648694336,yfinance,2026-07-29T15:48:08Z
2026-07-29,TSM,TSMC,7.0,0.1719669363096472,USD,376.0499877929688,1.0,376.0499877929688,2026-07-29,64.66816430003708,70.0,-5.331835699962923,-7.616908142804175,yfinance,2026-07-29T15:48:08Z
2026-07-29,VEEV,Veeva Systems,2.0,0.1251407776463619,USD,208.4499969482422,1.0,208.4499969482422,2026-07-29,26.085594718484806,20.0,6.085594718484806,30.427973592424028,yfinance,2026-07-29T15:48:08Z
2026-07-29,VRT,Vertiv,5.0,0.1522672617580549,USD,229.4900054931641,1.0,229.4900054931641,2026-07-29,34.943814737285074,50.0,-15.056185262714926,-30.112370525429853,yfinance,2026-07-29T15:48:08Z
2026-07-30,000660.KS,SK Hynix,8.0,0.0625538166478737,KRW,1401000.0,0.0007014196469937,982.6889254382868,2026-07-29,61.47094286376262,80.0,-18.529057136237377,-23.161321420296723,yfinance,2026-07-30T15:50:10Z
2026-07-30,AVGO,Broadcom,10.0,0.2417444256507892,USD,383.0750122070313,1.0,383.0750122070313,2026-07-30,92.60624880715784,100.0,-7.39375119284216,-7.39375119284216,yfinance,2026-07-30T15:50:10Z
2026-07-30,CASH,Cash,10.0,100.0,USD,1.0,1.0,1.0,2026-07-30,100.0,100.0,0.0,0.0,cash,2026-07-30T15:50:10Z
2026-07-30,CEG,Constellation Energy,5.0,0.1687260186663456,USD,267.25,1.0,267.25,2026-07-30,45.09202848858087,50.0,-4.907971511419127,-9.815943022838256,yfinance,2026-07-30T15:50:10Z
2026-07-30,GOOGL,Alphabet,15.0,0.3891454452478011,USD,333.6099853515625,1.0,333.6099853515625,2026-07-30,129.82280628874622,150.0,-20.17719371125378,-13.451462474169183,yfinance,2026-07-30T15:50:10Z
2026-07-30,MCO,Moody's,2.0,0.0444681598313336,USD,474.875,1.0,474.875,2026-07-30,21.116817399904573,20.0,1.1168173999045727,5.584086999522864,yfinance,2026-07-30T15:50:10Z
2026-07-30,MSCI,MSCI,2.0,0.0339052007771873,USD,573.3800048828125,1.0,573.3800048828125,2026-07-30,19.44056418717641,20.0,-0.5594358128235903,-2.797179064117952,yfinance,2026-07-30T15:50:10Z
2026-07-30,MSFT,Microsoft,18.0,0.4293689203419845,USD,450.2999877929688,1.0,450.2999877929688,2026-07-30,193.3448195886758,180.0,13.34481958867579,7.413788660375439,yfinance,2026-07-30T15:50:10Z
2026-07-30,NVDA,NVIDIA,7.0,0.323166358553396,USD,193.3800048828125,1.0,193.3800048828125,2026-07-30,62.49391199501646,70.0,-7.506088004983539,-10.722982864262198,yfinance,2026-07-30T15:50:10Z
2026-07-30,SPGI,S&P Global,2.0,0.047848035759865,USD,409.6099853515625,1.0,409.6099853515625,2026-07-30,19.599033226699344,20.0,-0.4009667733006559,-2.0048338665032794,yfinance,2026-07-30T15:50:10Z
2026-07-30,TER,Teradyne,7.0,0.1958589848780872,USD,357.3900146484375,1.0,357.3900146484375,2026-07-30,69.9980454746077,70.0,-0.001954525392307,-0.0027921791318671,yfinance,2026-07-30T15:50:10Z
2026-07-30,TSM,TSMC,7.0,0.1719669363096472,USD,401.2749938964844,1.0,401.2749938964844,2026-07-30,69.00603131805082,70.0,-0.993968681949184,-1.4199552599274057,yfinance,2026-07-30T15:50:10Z
2026-07-30,VEEV,Veeva Systems,2.0,0.1251407776463619,USD,201.4550018310547,1.0,201.4550018310547,2026-07-30,25.210235589887457,20.0,5.210235589887457,26.05117794943729,yfinance,2026-07-30T15:50:10Z
2026-07-30,VRT,Vertiv,5.0,0.1522672617580549,USD,227.4499969482422,1.0,227.4499969482422,2026-07-30,34.63318822218678,50.0,-15.366811777813218,-30.73362355562644,yfinance,2026-07-30T15:50:10Z
2026-07-31,000660.KS,SK Hynix,8.0,0.0625538166478737,KRW,1322000.0,0.0006959329464528,920.0233552106492,2026-07-30,57.55097227360854,80.0,-22.449027726391463,-28.06128465798933,yfinance,2026-07-31T16:00:20Z
2026-07-31,AVGO,Broadcom,10.0,0.2417444256507892,USD,385.760009765625,1.0,385.760009765625,2026-07-31,93.25533199983388,100.0,-6.744668000166129,-6.744668000166129,yfinance,2026-07-31T16:00:20Z
2026-07-31,CASH,Cash,10.0,100.0,USD,1.0,1.0,1.0,2026-07-31,100.0,100.0,0.0,0.0,cash,2026-07-31T16:00:20Z
2026-07-31,CEG,Constellation Energy,5.0,0.1687260186663456,USD,262.1600036621094,1.0,262.1600036621094,2026-07-31,44.23321367146231,50.0,-5.766786328537691,-11.533572657075382,yfinance,2026-07-31T16:00:20Z
2026-07-31,GOOGL,Alphabet,15.0,0.3891454452478011,USD,351.8399963378906,1.0,351.8399963378906,2026-07-31,136.91693203089318,150.0,-13.08306796910682,-8.72204531273788,yfinance,2026-07-31T16:00:20Z
2026-07-31,MCO,Moody's,2.0,0.0444681598313336,USD,478.1799926757813,1.0,478.1799926757813,2026-07-31,21.2637843424526,20.0,1.263784342452599,6.318921712262996,yfinance,2026-07-31T16:00:20Z
2026-07-31,MSCI,MSCI,2.0,0.0339052007771873,USD,576.5599975585938,1.0,576.5599975585938,2026-07-31,19.54838247731876,20.0,-0.4516175226812393,-2.2580876134061967,yfinance,2026-07-31T16:00:20Z
2026-07-31,MSFT,Microsoft,18.0,0.4293689203419845,USD,463.0549926757813,1.0,463.0549926757813,2026-07-31,198.82142226416573,180.0,18.821422264165733,10.456345702314296,yfinance,2026-07-31T16:00:20Z
2026-07-31,NVDA,NVIDIA,7.0,0.323166358553396,USD,196.3249969482422,1.0,196.3249969482422,2026-07-31,63.445634356770015,70.0,-6.5543656432299855,-9.363379490328551,yfinance,2026-07-31T16:00:20Z
2026-07-31,SPGI,S&P Global,2.0,0.047848035759865,USD,413.9299926757813,1.0,413.9299926757813,2026-07-31,19.805737091631443,20.0,-0.1942629083685574,-0.9713145418427872,yfinance,2026-07-31T16:00:20Z
2026-07-31,TER,Teradyne,7.0,0.1958589848780872,USD,372.5499877929688,1.0,372.5499877929688,2026-07-31,72.96726242547464,70.0,2.967262425474644,4.238946322106634,yfinance,2026-07-31T16:00:20Z
2026-07-31,TSM,TSMC,7.0,0.1719669363096472,USD,405.739990234375,1.0,405.739990234375,2026-07-31,69.77386305891166,70.0,-0.2261369410883418,-0.3230527729833454,yfinance,2026-07-31T16:00:20Z
2026-07-31,VEEV,Veeva Systems,2.0,0.1251407776463619,USD,202.875,1.0,202.875,2026-07-31,25.387935265005684,20.0,5.387935265005684,26.93967632502841,yfinance,2026-07-31T16:00:20Z
2026-07-31,VRT,Vertiv,5.0,0.1522672617580549,USD,242.9600067138672,1.0,242.9600067138672,2026-07-31,36.99485493903919,50.0,-13.005145060960809,-26.010290121921614,yfinance,2026-07-31T16:00:20Z
2026-08-01,000660.KS,SK Hynix,8.0,0.0625538166478737,KRW,1718000.0,0.0006960879973509,1195.8791794488857,2026-07-31,74.80680692425526,80.0,-5.193193075744745,-6.49149134468093,yfinance,2026-08-01T14:57:51Z
2026-08-01,AVGO,Broadcom,10.0,0.2417444256507892,USD,389.2799987792969,1.0,389.2799987792969,2026-07-31,94.10626972224108,100.0,-5.893730277758934,-5.893730277758934,yfinance,2026-08-01T14:57:51Z
2026-08-01,CASH,Cash,10.0,100.0,USD,1.0,1.0,1.0,2026-08-01,100.0,100.0,0.0,0.0,cash,2026-08-01T14:57:51Z
2026-08-01,CEG,Constellation Energy,5.0,0.1687260186663456,USD,262.75,1.0,262.75,2026-07-31,44.33276140458232,50.0,-5.667238595417679,-11.334477190835358,yfinance,2026-08-01T14:57:51Z
2026-08-01,GOOGL,Alphabet,15.0,0.3891454452478011,USD,356.1300048828125,1.0,356.1300048828125,2026-07-31,138.58636931622365,150.0,-11.413630683776349,-7.609087122517565,yfinance,2026-08-01T14:57:51Z
2026-08-01,MCO,Moody's,2.0,0.0444681598313336,USD,478.3800048828125,1.0,478.3800048828125,2026-07-31,21.272678517243083,20.0,1.272678517243083,6.363392586215415,yfinance,2026-08-01T14:57:51Z
2026-08-01,MSCI,MSCI,2.0,0.0339052007771873,USD,572.239990234375,1.0,572.239990234375,2026-07-31,19.401911761632203,20.0,-0.5980882383677972,-2.990441191838986,yfinance,2026-08-01T14:57:51Z
2026-08-01,MSFT,Microsoft,18.0,0.4293689203419845,USD,464.7200012207031,1.0,464.7200012207031,2026-07-31,199.53632518545905,180.0,19.53632518545902,10.853513991921677,yfinance,2026-08-01T14:57:51Z
2026-08-01,NVDA,NVIDIA,7.0,0.323166358553396,USD,200.75,1.0,200.75,2026-07-31,64.87564647959425,70.0,-5.124353520405748,-7.320505029151068,yfinance,2026-08-01T14:57:51Z
2026-08-01,SPGI,S&P Global,2.0,0.047848035759865,USD,411.9299926757813,1.0,411.9299926757813,2026-07-31,19.71004102011172,20.0,-0.2899589798882864,-1.4497948994414322,yfinance,2026-08-01T14:57:51Z
2026-08-01,TER,Teradyne,7.0,0.1958589848780872,USD,367.6900024414063,1.0,367.6900024414063,2026-07-31,72.01539062799525,70.0,2.015390627995245,2.879129468564636,yfinance,2026-08-01T14:57:51Z
2026-08-01,TSM,TSMC,7.0,0.1719669363096472,USD,404.25,1.0,404.25,2026-07-31,69.51763400317489,70.0,-0.4823659968251093,-0.6890942811787275,yfinance,2026-08-01T14:57:51Z
2026-08-01,VEEV,Veeva Systems,2.0,0.1251407776463619,USD,203.77999877929688,1.0,203.77999877929688,2026-07-31,25.501187516015904,20.0,5.501187516015904,27.50593758007952,yfinance,2026-08-01T14:57:51Z
2026-08-01,VRT,Vertiv,5.0,0.1522672617580549,USD,241.57000732421875,1.0,241.57000732421875,2026-07-31,36.78320353813206,50.0,-13.216796461867943,-26.433592923735887,yfinance,2026-08-01T14:57:51Z
2026-08-02,000660.KS,SK Hynix,8.0,0.0625538166478737,KRW,1718000.0,0.0006960879973509,1195.8791794488857,2026-07-31,74.80680692425526,80.0,-5.193193075744745,-6.49149134468093,yfinance,2026-08-02T14:59:34Z
2026-08-02,AVGO,Broadcom,10.0,0.2417444256507892,USD,389.2799987792969,1.0,389.2799987792969,2026-07-31,94.10626972224108,100.0,-5.893730277758934,-5.893730277758934,yfinance,2026-08-02T14:59:34Z
2026-08-02,CASH,Cash,10.0,100.0,USD,1.0,1.0,1.0,2026-08-02,100.0,100.0,0.0,0.0,cash,2026-08-02T14:59:34Z
2026-08-02,CEG,Constellation Energy,5.0,0.1687260186663456,USD,262.75,1.0,262.75,2026-07-31,44.33276140458232,50.0,-5.667238595417679,-11.334477190835358,yfinance,2026-08-02T14:59:34Z
2026-08-02,GOOGL,Alphabet,15.0,0.3891454452478011,USD,356.1300048828125,1.0,356.1300048828125,2026-07-31,138.58636931622365,150.0,-11.413630683776349,-7.609087122517565,yfinance,2026-08-02T14:59:34Z
2026-08-02,MCO,Moody's,2.0,0.0444681598313336,USD,478.3800048828125,1.0,478.3800048828125,2026-07-31,21.272678517243083,20.0,1.272678517243083,6.363392586215415,yfinance,2026-08-02T14:59:34Z
2026-08-02,MSCI,MSCI,2.0,0.0339052007771873,USD,572.239990234375,1.0,572.239990234375,2026-07-31,19.401911761632203,20.0,-0.5980882383677972,-2.990441191838986,yfinance,2026-08-02T14:59:34Z
2026-08-02,MSFT,Microsoft,18.0,0.4293689203419845,USD,464.7200012207031,1.0,464.7200012207031,2026-07-31,199.53632518545905,180.0,19.53632518545902,10.853513991921677,yfinance,2026-08-02T14:59:34Z
2026-08-02,NVDA,NVIDIA,7.0,0.323166358553396,USD,200.75,1.0,200.75,2026-07-31,64.87564647959425,70.0,-5.124353520405748,-7.320505029151068,yfinance,2026-08-02T14:59:34Z
2026-08-02,SPGI,S&P Global,2.0,0.047848035759865,USD,411.9299926757813,1.0,411.9299926757813,2026-07-31,19.71004102011172,20.0,-0.2899589798882864,-1.4497948994414322,yfinance,2026-08-02T14:59:34Z
2026-08-02,TER,Teradyne,7.0,0.1958589848780872,USD,367.6900024414063,1.0,367.6900024414063,2026-07-31,72.01539062799525,70.0,2.015390627995245,2.879129468564636,yfinance,2026-08-02T14:59:34Z
2026-08-02,TSM,TSMC,7.0,0.1719669363096472,USD,404.25,1.0,404.25,2026-07-31,69.51763400317489,70.0,-0.4823659968251093,-0.6890942811787275,yfinance,2026-08-02T14:59:34Z
2026-08-02,VEEV,Veeva Systems,2.0,0.1251407776463619,USD,203.77999877929688,1.0,203.77999877929688,2026-07-31,25.501187516015904,20.0,5.501187516015904,27.50593758007952,yfinance,2026-08-02T14:59:34Z
2026-08-02,VRT,Vertiv,5.0,0.1522672617580549,USD,241.57000732421875,1.0,241.57000732421875,2026-07-31,36.78320353813206,50.0,-13.216796461867943,-26.433592923735887,yfinance,2026-08-02T14:59:34Z
2026-08-03,000660.KS,SK Hynix,8.0,0.0625538166478737,KRW,1718000.0,0.0006992322358351,1201.2809811648583,2026-07-31,75.14471023836438,80.0,-4.855289761635618,-6.069112202044522,yfinance,2026-08-03T16:21:20Z
2026-08-03,AVGO,Broadcom,10.0,0.2417444256507892,USD,389.5650024414063,1.0,389.5650024414063,2026-08-03,94.17516776884608,100.0,-5.824832231153934,-5.824832231153934,yfinance,2026-08-03T16:21:20Z
2026-08-03,CASH,Cash,10.0,100.0,USD,1.0,1.0,1.0,2026-08-03,100.0,100.0,0.0,0.0,cash,2026-08-03T16:21:20Z
2026-08-03,CEG,Constellation Energy,5.0,0.1687260186663456,USD,272.19500732421875,1.0,272.19500732421875,2026-08-03,45.92637988667222,50.0,-4.073620113327777,-8.147240226655555,yfinance,2026-08-03T16:21:20Z
2026-08-03,GOOGL,Alphabet,15.0,0.3891454452478011,USD,374.7724914550781,1.0,374.7724914550781,2026-08-03,145.84100805391412,150.0,-4.158991946085877,-2.7726612973905844,yfinance,2026-08-03T16:21:20Z
2026-08-03,MCO,Moody's,2.0,0.0444681598313336,USD,477.6549987792969,1.0,477.6549987792969,2026-08-03,21.24043882995326,20.0,1.2404388299532592,6.202194149766296,yfinance,2026-08-03T16:21:20Z
2026-08-03,MSCI,MSCI,2.0,0.0339052007771873,USD,570.2449951171875,1.0,570.2449951171875,2026-08-03,19.33427105163445,20.0,-0.6657289483655475,-3.3286447418277376,yfinance,2026-08-03T16:21:20Z
2026-08-03,MSFT,Microsoft,18.0,0.4293689203419845,USD,486.6000061035156,1.0,486.6000061035156,2026-08-03,208.93091925906955,180.0,28.930919259069555,16.072732921705306,yfinance,2026-08-03T16:21:20Z
2026-08-03,NVDA,NVIDIA,7.0,0.323166358553396,USD,207.2749938964844,1.0,207.2749938964844,2026-08-03,66.98430499670424,70.0,-3.015695003295761,-4.308135718993944,yfinance,2026-08-03T16:21:20Z
2026-08-03,SPGI,S&P Global,2.0,0.047848035759865,USD,410.3599853515625,1.0,410.3599853515625,2026-08-03,19.634919253519243,20.0,-0.365080746480757,-1.8254037324037853,yfinance,2026-08-03T16:21:20Z
2026-08-03,TER,Teradyne,7.0,0.1958589848780872,USD,364.5400085449219,1.0,364.5400085449219,2026-08-03,71.39843602105765,70.0,1.3984360210576483,1.997765744368069,yfinance,2026-08-03T16:21:20Z
2026-08-03,TSM,TSMC,7.0,0.1719669363096472,USD,403.94830322265625,1.0,403.94830322265625,2026-08-03,69.46575213268059,70.0,-0.534247867319408,-0.7632112390277257,yfinance,2026-08-03T16:21:20Z
2026-08-03,VEEV,Veeva Systems,2.0,0.1251407776463619,USD,209.3350067138672,1.0,209.3350067138672,2026-08-03,26.196345528779744,20.0,6.196345528779744,30.98172764389872,yfinance,2026-08-03T16:21:20Z
2026-08-03,VRT,Vertiv,5.0,0.1522672617580549,USD,259.7049865722656,1.0,259.7049865722656,2026-08-03,39.54456717027131,50.0,-10.455432829728691,-20.910865659457382,yfinance,2026-08-03T16:21:20Z
2026-08-04,000660.KS,SK Hynix,8.0,0.0625538166478737,KRW,1567000.0,0.0007005352184845,1097.7386873652931,2026-08-03,68.66774457672611,80.0,-11.332255423273892,-14.165319279092364,yfinance,2026-08-04T16:09:51Z
2026-08-04,AVGO,Broadcom,10.0,0.2417444256507892,USD,416.2900085449219,1.0,416.2900085449219,2026-08-04,100.63578901985429,100.0,0.6357890198542862,0.6357890198542862,yfinance,2026-08-04T16:09:51Z
2026-08-04,CASH,Cash,10.0,100.0,USD,1.0,1.0,1.0,2026-08-04,100.0,100.0,0.0,0.0,cash,2026-08-04T16:09:51Z
2026-08-04,CEG,Constellation Energy,5.0,0.1687260186663456,USD,265.54998779296875,1.0,265.54998779296875,2026-08-04,44.80519219720431,50.0,-5.194807802795694,-10.389615605591388,yfinance,2026-08-04T16:09:51Z
2026-08-04,GOOGL,Alphabet,15.0,0.3891454452478011,USD,375.7699890136719,1.0,375.7699890136719,2026-08-04,146.22917968548668,150.0,-3.770820314513316,-2.5138802096755435,yfinance,2026-08-04T16:09:51Z
2026-08-04,MCO,Moody's,2.0,0.0444681598313336,USD,483.760009765625,1.0,483.760009765625,2026-08-04,21.511917434265342,20.0,1.511917434265346,7.559587171326728,yfinance,2026-08-04T16:09:51Z
2026-08-04,MSCI,MSCI,2.0,0.0339052007771873,USD,575.344970703125,1.0,575.344970703125,2026-08-04,19.507186747834417,20.0,-0.4928132521655826,-2.464066260827913,yfinance,2026-08-04T16:09:51Z
2026-08-04,MSFT,Microsoft,18.0,0.4293689203419845,USD,497.1000061035156,1.0,497.1000061035156,2026-08-04,213.4392929226604,180.0,33.4392929226604,18.577384957033555,yfinance,2026-08-04T16:09:51Z
2026-08-04,NVDA,NVIDIA,7.0,0.323166358553396,USD,210.4750061035156,1.0,210.4750061035156,2026-08-04,68.01844128897694,70.0,-1.981558711023056,-2.830798158604365,yfinance,2026-08-04T16:09:51Z
2026-08-04,SPGI,S&P Global,2.0,0.047848035759865,USD,415.5400085449219,1.0,415.5400085449219,2026-08-04,19.88277318851204,20.0,-0.1172268114879671,-0.5861340574398355,yfinance,2026-08-04T16:09:51Z
2026-08-04,TER,Teradyne,7.0,0.1958589848780872,USD,406.1749877929688,1.0,406.1749877929688,2026-08-04,79.55302079200032,70.0,9.553020792000323,13.647172560000463,yfinance,2026-08-04T16:09:51Z
2026-08-04,TSM,TSMC,7.0,0.1719669363096472,USD,415.3500061035156,1.0,415.3500061035156,2026-08-04,71.42646804581486,70.0,1.4264680458148575,2.0378114940212253,yfinance,2026-08-04T16:09:51Z
2026-08-04,VEEV,Veeva Systems,2.0,0.1251407776463619,USD,210.1999969482422,1.0,210.1999969482422,2026-08-04,26.30459107936594,20.0,6.304591079365942,31.522955396829712,yfinance,2026-08-04T16:09:51Z
2026-08-04,VRT,Vertiv,5.0,0.1522672617580549,USD,274.4700012207031,1.0,274.4700012207031,2026-08-04,41.79279552060645,50.0,-8.207204479393546,-16.414408958787092,yfinance,2026-08-04T16:09:51Z
2026-08-05,000660.KS,SK Hynix,8.0,0.0625538166478737,KRW,1577000.0,0.0007021929558011,1107.3582912984732,2026-08-04,69.26948751738742,80.0,-10.730512482612582,-13.413140603265727,yfinance,2026-08-05T15:59:52Z
2026-08-05,AVGO,Broadcom,10.0,0.2417444256507892,USD,418.7699890136719,1.0,418.7699890136719,2026-08-05,101.23531047389744,100.0,1.235310473897428,1.235310473897428,yfinance,2026-08-05T15:59:52Z
2026-08-05,CASH,Cash,10.0,100.0,USD,1.0,1.0,1.0,2026-08-05,100.0,100.0,0.0,0.0,cash,2026-08-05T15:59:52Z
2026-08-05,CEG,Constellation Energy,5.0,0.1687260186663456,USD,265.1499938964844,1.0,265.1499938964844,2026-08-05,44.73770281955966,50.0,-5.262297180440342,-10.524594360880684,yfinance,2026-08-05T15:59:52Z
2026-08-05,GOOGL,Alphabet,15.0,0.3891454452478011,USD,375.80999755859375,1.0,375.80999755859375,2026-08-05,146.24474882851402,150.0,-3.755251171485981,-2.5035007809906538,yfinance,2026-08-05T15:59:52Z
2026-08-05,MCO,Moody's,2.0,0.0444681598313336,USD,481.3324890136719,1.0,481.3324890136719,2026-08-05,21.40397005347361,20.0,1.403970053473614,7.019850267368071,yfinance,2026-08-05T15:59:52Z
2026-08-05,MSCI,MSCI,2.0,0.0339052007771873,USD,568.885009765625,1.0,568.885009765625,2026-08-05,19.28816047523569,20.0,-0.7118395247643079,-3.5591976238215395,yfinance,2026-08-05T15:59:52Z
2026-08-05,MSFT,Microsoft,18.0,0.4293689203419845,USD,488.7000122070313,1.0,488.7000122070313,2026-08-05,209.83259661244765,180.0,29.832596612447645,16.573664784693136,yfinance,2026-08-05T15:59:52Z
2026-08-05,NVDA,NVIDIA,7.0,0.323166358553396,USD,219.05499267578125,1.0,219.05499267578125,2026-08-05,70.79120430597307,70.0,0.7912043059730678,1.1302918656758112,yfinance,2026-08-05T15:59:52Z
2026-08-05,SPGI,S&P Global,2.0,0.047848035759865,USD,409.489990234375,1.0,409.489990234375,2026-08-05,19.59329169604115,20.0,-0.406708303958851,-2.0335415197942552,yfinance,2026-08-05T15:59:52Z
2026-08-05,TER,Teradyne,7.0,0.1958589848780872,USD,392.8200073242188,1.0,392.8200073242188,2026-08-05,76.93732787432427,70.0,6.937327874324268,9.910468391891811,yfinance,2026-08-05T15:59:52Z
2026-08-05,TSM,TSMC,7.0,0.1719669363096472,USD,414.4949951171875,1.0,414.4949951171875,2026-08-05,71.27943442598493,70.0,1.279434425984931,1.8277634656927584,yfinance,2026-08-05T15:59:52Z
2026-08-05,VEEV,Veeva Systems,2.0,0.1251407776463619,USD,211.58999633789065,1.0,211.58999633789065,2026-08-05,26.47853668391452,20.0,6.478536683914516,32.392683419572585,yfinance,2026-08-05T15:59:52Z
2026-08-05,VRT,Vertiv,5.0,0.1522672617580549,USD,279.4800109863281,1.0,279.4800109863281,2026-08-05,42.55565598899928,50.0,-7.444344011000716,-14.888688022001432,yfinance,2026-08-05T15:59:52Z
2026-08-07,000660.KS,SK Hynix,8.0,0.0625538166478737,KRW,1422000.0,0.0007093858625251,1008.7466965107516,2026-08-07,63.10095589768186,80.0,-16.899044102318136,-21.123805127897672,yfinance,2026-08-07T14:50:25Z
2026-08-07,AVGO,Broadcom,10.0,0.2417444256507892,USD,425.5899963378906,1.0,425.5899963378906,2026-08-07,102.88400922742488,100.0,2.884009227424869,2.884009227424869,yfinance,2026-08-07T14:50:25Z
2026-08-07,CASH,Cash,10.0,100.0,USD,1.0,1.0,1.0,2026-08-07,100.0,100.0,0.0,0.0,cash,2026-08-07T14:50:25Z
2026-08-07,CEG,Constellation Energy,5.0,0.1687260186663456,USD,268.885009765625,1.0,268.885009765625,2026-08-07,45.367897176815376,50.0,-4.632102823184624,-9.264205646369248,yfinance,2026-08-07T14:50:25Z
2026-08-07,GOOGL,Alphabet,15.0,0.3891454452478011,USD,354.1400146484375,1.0,354.1400146484375,2026-08-07,137.81197368042902,150.0,-12.18802631957098,-8.125350879713986,yfinance,2026-08-07T14:50:25Z
2026-08-07,MCO,Moody's,2.0,0.0444681598313336,USD,479.4849853515625,1.0,479.4849853515625,2026-08-07,21.32181496533796,20.0,1.3218149653379605,6.6090748266898025,yfinance,2026-08-07T14:50:25Z
2026-08-07,MSCI,MSCI,2.0,0.0339052007771873,USD,567.280029296875,1.0,567.280029296875,2026-08-07,19.233743290199257,20.0,-0.7662567098007429,-3.8312835490037145,yfinance,2026-08-07T14:50:25Z
2026-08-07,MSFT,Microsoft,18.0,0.4293689203419845,USD,503.75,1.0,503.75,2026-08-07,216.29459362227468,180.0,36.29459362227468,20.16366312348593,yfinance,2026-08-07T14:50:25Z
2026-08-07,NVDA,NVIDIA,7.0,0.323166358553396,USD,223.509994506836,1.0,223.509994506836,2026-08-07,72.23091102506372,70.0,2.230911025063719,3.1870157500910268,yfinance,2026-08-07T14:50:25Z
2026-08-07,SPGI,S&P Global,2.0,0.047848035759865,USD,412.0350036621094,1.0,412.0350036621094,2026-08-07,19.71506558954072,20.0,-0.2849344104592823,-1.4246720522964118,yfinance,2026-08-07T14:50:25Z
2026-08-07,TER,Teradyne,7.0,0.1958589848780872,USD,376.7200012207031,1.0,376.7200012207031,2026-08-07,73.78399702235869,70.0,3.7839970223586894,5.405710031940987,yfinance,2026-08-07T14:50:25Z
2026-08-07,TSM,TSMC,7.0,0.1719669363096472,USD,415.0,1.0,415.0,2026-08-07,71.3662785685036,70.0,1.3662785685036027,1.951826526433718,yfinance,2026-08-07T14:50:25Z
2026-08-07,VEEV,Veeva Systems,2.0,0.1251407776463619,USD,230.3800048828125,1.0,230.3800048828125,2026-08-07,28.829932965207824,20.0,8.829932965207824,44.14966482603912,yfinance,2026-08-07T14:50:25Z
2026-08-07,VRT,Vertiv,5.0,0.1522672617580549,USD,276.2699890136719,1.0,276.2699890136719,2026-08-07,42.06687473303973,50.0,-7.933125266960268,-15.866250533920534,yfinance,2026-08-07T14:50:25Z
2026-08-08,000660.KS,SK Hynix,8.0,0.0625538166478737,KRW,1422000.0,0.0007105048383193,1010.337880090166,2026-08-07,63.20049050356167,80.0,-16.799509496438333,-20.99938687054792,yfinance,2026-08-08T14:29:11Z
2026-08-08,AVGO,Broadcom,10.0,0.2417444256507892,USD,427.760009765625,1.0,427.760009765625,2026-08-07,103.408597877167,100.0,3.408597877167012,3.408597877167012,yfinance,2026-08-08T14:29:11Z
2026-08-08,CASH,Cash,10.0,100.0,USD,1.0,1.0,1.0,2026-08-08,100.0,100.0,0.0,0.0,cash,2026-08-08T14:29:11Z
2026-08-08,CEG,Constellation Energy,5.0,0.1687260186663456,USD,269.8900146484375,1.0,269.8900146484375,2026-08-07,45.53746764943256,50.0,-4.462532350567436,-8.925064701134872,yfinance,2026-08-08T14:29:11Z
2026-08-08,GOOGL,Alphabet,15.0,0.3891454452478011,USD,354.29998779296875,1.0,354.29998779296875,2026-08-07,137.87422650098534,150.0,-12.125773499014656,-8.083848999343104,yfinance,2026-08-08T14:29:11Z
2026-08-08,MCO,Moody's,2.0,0.0444681598313336,USD,477.75,1.0,477.75,2026-08-07,21.244663359419658,20.0,1.2446633594196577,6.223316797098288,yfinance,2026-08-08T14:29:11Z
2026-08-08,MSCI,MSCI,2.0,0.0339052007771873,USD,563.1699829101562,1.0,563.1699829101562,2026-08-07,19.094391342254006,20.0,-0.9056086577459936,-4.528043288729968,yfinance,2026-08-08T14:29:11Z
2026-08-08,MSFT,Microsoft,18.0,0.4293689203419845,USD,499.989990234375,1.0,499.989990234375,2026-08-07,214.68016228873296,180.0,34.68016228873296,19.266756827073863,yfinance,2026-08-08T14:29:11Z
2026-08-08,NVDA,NVIDIA,7.0,0.323166358553396,USD,223.9600067138672,1.0,223.9600067138672,2026-08-07,72.37633983131458,70.0,2.3763398313145814,3.394771187592259,yfinance,2026-08-08T14:29:11Z
2026-08-08,SPGI,S&P Global,2.0,0.047848035759865,USD,408.1900024414063,1.0,408.1900024414063,2026-08-07,19.5310898336358,20.0,-0.468910166364207,-2.344550831821035,yfinance,2026-08-08T14:29:11Z
2026-08-08,TER,Teradyne,7.0,0.1958589848780872,USD,379.30999755859375,1.0,379.30999755859375,2026-08-07,74.29127107593591,70.0,4.29127107593591,6.130387251337014,yfinance,2026-08-08T14:29:11Z
2026-08-08,TSM,TSMC,7.0,0.1719669363096472,USD,420.0400085449219,1.0,420.0400085449219,2026-08-07,72.23299339694826,70.0,2.23299339694826,3.189990567068942,yfinance,2026-08-08T14:29:11Z
2026-08-08,VEEV,Veeva Systems,2.0,0.1251407776463619,USD,230.47000122070312,1.0,230.47000122070312,2026-08-07,28.84119517691678,20.0,8.84119517691678,44.20597588458391,yfinance,2026-08-08T14:29:11Z
2026-08-08,VRT,Vertiv,5.0,0.1522672617580549,USD,272.3999938964844,1.0,272.3999938964844,2026-08-07,41.47760117352855,50.0,-8.522398826471452,-17.044797652942904,yfinance,2026-08-08T14:29:11Z
2026-08-09,000660.KS,SK Hynix,8.0,0.0625538166478737,KRW,1422000.0,0.0007063643670908,1004.4501300031196,2026-08-07,62.832189264148056,80.0,-17.167810735851944,-21.45976341981493,yfinance,2026-08-09T14:31:05Z
2026-08-09,AVGO,Broadcom,10.0,0.2417444256507892,USD,427.760009765625,1.0,427.760009765625,2026-08-07,103.408597877167,100.0,3.408597877167012,3.408597877167012,yfinance,2026-08-09T14:31:05Z
2026-08-09,CASH,Cash,10.0,100.0,USD,1.0,1.0,1.0,2026-08-09,100.0,100.0,0.0,0.0,cash,2026-08-09T14:31:05Z
2026-08-09,CEG,Constellation Energy,5.0,0.1687260186663456,USD,269.8900146484375,1.0,269.8900146484375,2026-08-07,45.53746764943256,50.0,-4.462532350567436,-8.925064701134872,yfinance,2026-08-09T14:31:05Z
2026-08-09,GOOGL,Alphabet,15.0,0.3891454452478011,USD,354.29998779296875,1.0,354.29998779296875,2026-08-07,137.87422650098534,150.0,-12.125773499014656,-8.083848999343104,yfinance,2026-08-09T14:31:05Z
2026-08-09,MCO,Moody's,2.0,0.0444681598313336,USD,477.75,1.0,477.75,2026-08-07,21.244663359419658,20.0,1.2446633594196577,6.223316797098288,yfinance,2026-08-09T14:31:05Z
2026-08-09,MSCI,MSCI,2.0,0.0339052007771873,USD,563.1699829101562,1.0,563.1699829101562,2026-08-07,19.094391342254006,20.0,-0.9056086577459936,-4.528043288729968,yfinance,2026-08-09T14:31:05Z
2026-08-09,MSFT,Microsoft,18.0,0.4293689203419845,USD,499.989990234375,1.0,499.989990234375,2026-08-07,214.68016228873296,180.0,34.68016228873296,19.266756827073863,yfinance,2026-08-09T14:31:05Z
2026-08-09,NVDA,NVIDIA,7.0,0.323166358553396,USD,223.9600067138672,1.0,223.9600067138672,2026-08-07,72.37633983131458,70.0,2.3763398313145814,3.394771187592259,yfinance,2026-08-09T14:31:05Z
2026-08-09,SPGI,S&P Global,2.0,0.047848035759865,USD,408.1900024414063,1.0,408.1900024414063,2026-08-07,19.5310898336358,20.0,-0.468910166364207,-2.344550831821035,yfinance,2026-08-09T14:31:05Z
2026-08-09,TER,Teradyne,7.0,0.1958589848780872,USD,379.30999755859375,1.0,379.30999755859375,2026-08-07,74.29127107593591,70.0,4.29127107593591,6.130387251337014,yfinance,2026-08-09T14:31:05Z
2026-08-09,TSM,TSMC,7.0,0.1719669363096472,USD,420.0400085449219,1.0,420.0400085449219,2026-08-07,72.23299339694826,70.0,2.23299339694826,3.189990567068942,yfinance,2026-08-09T14:31:05Z
2026-08-09,VEEV,Veeva Systems,2.0,0.1251407776463619,USD,230.47000122070312,1.0,230.47000122070312,2026-08-07,28.84119517691678,20.0,8.84119517691678,44.20597588458391,yfinance,2026-08-09T14:31:05Z
2026-08-09,VRT,Vertiv,5.0,0.1522672617580549,USD,272.3999938964844,1.0,272.3999938964844,2026-08-07,41.47760117352855,50.0,-8.522398826471452,-17.044797652942904,yfinance,2026-08-09T14:31:05Z
2026-08-10,000660.KS,SK Hynix,8.0,0.0625538166478737,KRW,1420000.0,0.0007054176193722,1001.6930195086032,2026-08-10,62.65972147979616,80.0,-17.340278520203846,-21.67534815025481,yfinance,2026-08-10T14:54:27Z
2026-08-10,AVGO,Broadcom,10.0,0.2417444256507892,USD,427.2250061035156,1.0,427.2250061035156,2026-08-10,103.27926372414932,100.0,3.2792637241493168,3.2792637241493163,yfinance,2026-08-10T14:54:27Z
2026-08-10,CASH,Cash,10.0,100.0,USD,1.0,1.0,1.0,2026-08-10,100.0,100.0,0.0,0.0,cash,2026-08-10T14:54:27Z
2026-08-10,CEG,Constellation Energy,5.0,0.1687260186663456,USD,272.8699951171875,1.0,272.8699951171875,2026-08-10,46.04026788962823,50.0,-3.959732110371775,-7.919464220743549,yfinance,2026-08-10T14:54:27Z
2026-08-10,GOOGL,Alphabet,15.0,0.3891454452478011,USD,354.864990234375,1.0,354.864990234375,2026-08-10,138.09409462761246,150.0,-11.905905372387537,-7.937270248258358,yfinance,2026-08-10T14:54:27Z
2026-08-10,MCO,Moody's,2.0,0.0444681598313336,USD,480.6099853515625,1.0,480.6099853515625,2026-08-10,21.37184164514821,20.0,1.371841645148212,6.85920822574106,yfinance,2026-08-10T14:54:27Z
2026-08-10,MSCI,MSCI,2.0,0.0339052007771873,USD,570.0,1.0,570.0,2026-08-10,19.32596444299677,20.0,-0.6740355570032222,-3.370177785016111,yfinance,2026-08-10T14:54:27Z
2026-08-10,MSFT,Microsoft,18.0,0.4293689203419845,USD,508.6200866699219,1.0,508.6200866699219,2026-08-10,218.3856574777109,180.0,38.385657477710936,21.325365265394964,yfinance,2026-08-10T14:54:27Z
2026-08-10,NVDA,NVIDIA,7.0,0.323166358553396,USD,220.13999938964844,1.0,220.13999938964844,2026-08-10,71.14184197469952,70.0,1.141841974699517,1.63120282099931,yfinance,2026-08-10T14:54:27Z
2026-08-10,SPGI,S&P Global,2.0,0.047848035759865,USD,412.2049865722656,1.0,412.2049865722656,2026-08-10,19.72319893790444,20.0,-0.2768010620955579,-1.3840053104777894,yfinance,2026-08-10T14:54:27Z
2026-08-10,TER,Teradyne,7.0,0.1958589848780872,USD,365.9649963378906,1.0,365.9649963378906,2026-08-10,71.67753268365217,70.0,1.6775326836521742,2.3964752623602488,yfinance,2026-08-10T14:54:27Z
2026-08-10,TSM,TSMC,7.0,0.1719669363096472,USD,422.2231140136719,1.0,422.2231140136719,2026-08-10,72.60841535605003,70.0,2.608415356050031,3.726307651500045,yfinance,2026-08-10T14:54:27Z
2026-08-10,VEEV,Veeva Systems,2.0,0.1251407776463619,USD,233.3000030517578,1.0,233.3000030517578,2026-08-10,29.195343806795595,20.0,9.195343806795597,45.97671903397797,yfinance,2026-08-10T14:54:27Z
2026-08-10,VRT,Vertiv,5.0,0.1522672617580549,USD,269.37701416015625,1.0,269.37701416015625,2026-08-10,41.01730032672778,50.0,-8.982699673272222,-17.965399346544444,yfinance,2026-08-10T14:54:27Z
2026-08-11,000660.KS,SK Hynix,8.0,0.0625538166478737,KRW,1425000.0,0.0007081751962501,1009.1496546565328,2026-08-11,63.12616246764984,80.0,-16.873837532350166,-21.092296915437707,yfinance,2026-08-11T14:54:49Z
2026-08-11,AVGO,Broadcom,10.0,0.2417444256507892,USD,422.4500122070313,1.0,422.4500122070313,2026-08-11,102.12493556715768,100.0,2.124935567157678,2.124935567157678,yfinance,2026-08-11T14:54:49Z
2026-08-11,CASH,Cash,10.0,100.0,USD,1.0,1.0,1.0,2026-08-11,100.0,100.0,0.0,0.0,cash,2026-08-11T14:54:49Z
2026-08-11,CEG,Constellation Energy,5.0,0.1687260186663456,USD,277.8399963378906,1.0,277.8399963378906,2026-08-11,46.87883640836434,50.0,-3.121163591635657,-6.242327183271314,yfinance,2026-08-11T14:54:49Z
2026-08-11,GOOGL,Alphabet,15.0,0.3891454452478011,USD,352.2900085449219,1.0,352.2900085449219,2026-08-11,137.0920522315653,150.0,-12.907947768434695,-8.605298512289798,yfinance,2026-08-11T14:54:49Z
2026-08-11,MCO,Moody's,2.0,0.0444681598313336,USD,477.3450012207031,1.0,477.3450012207031,2026-08-11,21.22665380897039,20.0,1.22665380897039,6.13326904485195,yfinance,2026-08-11T14:54:49Z
2026-08-11,MSCI,MSCI,2.0,0.0339052007771873,USD,563.5700073242188,1.0,563.5700073242188,2026-08-11,19.10795425032857,20.0,-0.8920457496714285,-4.460228748357142,yfinance,2026-08-11T14:54:49Z
2026-08-11,MSFT,Microsoft,18.0,0.4293689203419845,USD,504.0700073242188,1.0,504.0700073242188,2026-08-11,216.431994821576,180.0,36.43199482157601,20.239997123097783,yfinance,2026-08-11T14:54:49Z
2026-08-11,NVDA,NVIDIA,7.0,0.323166358553396,USD,219.7705993652344,1.0,219.7705993652344,2026-08-11,71.02246431396009,70.0,1.0224643139600855,1.460663305657265,yfinance,2026-08-11T14:54:49Z
2026-08-11,SPGI,S&P Global,2.0,0.047848035759865,USD,410.7650146484375,1.0,410.7650146484375,2026-08-11,19.65429910979991,20.0,-0.3457008902000886,-1.7285044510004437,yfinance,2026-08-11T14:54:49Z
2026-08-11,TER,Teradyne,7.0,0.1958589848780872,USD,383.989990234375,1.0,383.989990234375,2026-08-11,75.20788969065131,70.0,5.207889690651314,7.439842415216162,yfinance,2026-08-11T14:54:49Z
2026-08-11,TSM,TSMC,7.0,0.1719669363096472,USD,423.9599914550781,1.0,423.9599914550781,2026-08-11,72.90710084839401,70.0,2.907100848394009,4.153001211991442,yfinance,2026-08-11T14:54:49Z
2026-08-11,VEEV,Veeva Systems,2.0,0.1251407776463619,USD,238.3099975585937,1.0,238.3099975585937,2026-08-11,29.822298415385045,20.0,9.822298415385044,49.11149207692523,yfinance,2026-08-11T14:54:49Z
2026-08-11,VRT,Vertiv,5.0,0.1522672617580549,USD,279.70361328125,1.0,279.70361328125,2026-08-11,42.58970329816986,50.0,-7.410296701830141,-14.82059340366028,yfinance,2026-08-11T14:54:49Z
2026-08-12,000660.KS,SK Hynix,8.0,0.0625538166478737,KRW,1504000.0,0.0007062495759442,1062.199362220079,2026-08-12,66.44462414780321,80.0,-13.55537585219679,-16.944219815245987,yfinance,2026-08-12T14:53:23Z
2026-08-12,AVGO,Broadcom,10.0,0.2417444256507892,USD,421.2001037597656,1.0,421.2001037597656,2026-08-12,101.82277716745736,100.0,1.8227771674573745,1.8227771674573745,yfinance,2026-08-12T14:53:23Z
2026-08-12,CASH,Cash,10.0,100.0,USD,1.0,1.0,1.0,2026-08-12,100.0,100.0,0.0,0.0,cash,2026-08-12T14:53:23Z
2026-08-12,CEG,Constellation Energy,5.0,0.1687260186663456,USD,282.8399963378906,1.0,282.8399963378906,2026-08-12,47.72246650169607,50.0,-2.2775334983039315,-4.555066996607863,yfinance,2026-08-12T14:53:23Z
2026-08-12,GOOGL,Alphabet,15.0,0.3891454452478011,USD,342.6300048828125,1.0,342.6300048828125,2026-08-12,133.33290580537837,150.0,-16.667094194621654,-11.111396129747767,yfinance,2026-08-12T14:53:23Z
2026-08-12,MCO,Moody's,2.0,0.0444681598313336,USD,476.3200073242188,1.0,476.3200073242188,2026-08-12,21.18107421655538,20.0,1.1810742165553805,5.905371082776902,yfinance,2026-08-12T14:53:23Z
2026-08-12,MSCI,MSCI,2.0,0.0339052007771873,USD,558.02001953125,1.0,558.02001953125,2026-08-12,18.919780799897023,20.0,-1.0802192001029738,-5.401096000514869,yfinance,2026-08-12T14:53:23Z
2026-08-12,MSFT,Microsoft,18.0,0.4293689203419845,USD,494.5450134277344,1.0,494.5450134277344,2026-08-12,212.34225847597853,180.0,32.342258475978525,17.967921375543625,yfinance,2026-08-12T14:53:23Z
2026-08-12,NVDA,NVIDIA,7.0,0.323166358553396,USD,224.31930541992188,1.0,224.31930541992188,2026-08-12,72.49245308578323,70.0,2.492453085783225,3.5606472654046075,yfinance,2026-08-12T14:53:23Z
2026-08-12,SPGI,S&P Global,2.0,0.047848035759865,USD,407.7300109863281,1.0,407.7300109863281,2026-08-12,19.50908014604398,20.0,-0.4909198539560186,-2.4545992697800934,yfinance,2026-08-12T14:53:23Z
2026-08-12,TER,Teradyne,7.0,0.1958589848780872,USD,405.2900085449219,1.0,405.2900085449219,2026-08-12,79.3796896548397,70.0,9.379689654839694,13.399556649770991,yfinance,2026-08-12T14:53:23Z
2026-08-12,TSM,TSMC,7.0,0.1719669363096472,USD,429.8999938964844,1.0,429.8999938964844,2026-08-12,73.92858486991446,70.0,3.928584869914459,5.612264099877799,yfinance,2026-08-12T14:53:23Z
2026-08-12,VEEV,Veeva Systems,2.0,0.1251407776463619,USD,234.259994506836,1.0,234.259994506836,2026-08-12,29.31547788401793,20.0,9.315477884017934,46.57738942008967,yfinance,2026-08-12T14:53:23Z
2026-08-12,VRT,Vertiv,5.0,0.1522672617580549,USD,294.6199951171875,1.0,294.6199951171875,2026-08-12,44.86097991566565,50.0,-5.139020084334348,-10.278040168668696,yfinance,2026-08-12T14:53:23Z
2026-08-13,000660.KS,SK Hynix,8.0,0.0625538166478737,KRW,1593000.0,0.0007056615296884,1124.1188167937453,2026-08-13,70.31792235614068,80.0,-9.682077643859316,-12.102597054824145,yfinance,2026-08-13T14:53:58Z
2026-08-13,AVGO,Broadcom,10.0,0.2417444256507892,USD,423.55999755859375,1.0,423.55999755859375,2026-08-13,102.39326833845192,100.0,2.393268338451932,2.393268338451932,yfinance,2026-08-13T14:53:58Z
2026-08-13,CASH,Cash,10.0,100.0,USD,1.0,1.0,1.0,2026-08-13,100.0,100.0,0.0,0.0,cash,2026-08-13T14:53:58Z
2026-08-13,CEG,Constellation Energy,5.0,0.1687260186663456,USD,278.81500244140625,1.0,278.81500244140625,2026-08-13,47.04334530638592,50.0,-2.956654693614084,-5.913309387228168,yfinance,2026-08-13T14:53:58Z
2026-08-13,GOOGL,Alphabet,15.0,0.3891454452478011,USD,345.8550109863281,1.0,345.8550109863281,2026-08-13,134.5879022414578,150.0,-15.412097758542188,-10.274731839028126,yfinance,2026-08-13T14:53:58Z
2026-08-13,MCO,Moody's,2.0,0.0444681598313336,USD,479.0650024414063,1.0,479.0650024414063,2026-08-13,21.303139098162703,20.0,1.303139098162703,6.515695490813514,yfinance,2026-08-13T14:53:58Z
2026-08-13,MSCI,MSCI,2.0,0.0339052007771873,USD,563.489990234375,1.0,563.489990234375,2026-08-13,19.10524125483181,20.0,-0.8947587451681862,-4.473793725840931,yfinance,2026-08-13T14:53:58Z
2026-08-13,MSFT,Microsoft,18.0,0.4293689203419845,USD,497.5499877929688,1.0,497.5499877929688,2026-08-13,213.6325010748345,180.0,33.63250107483455,18.68472281935253,yfinance,2026-08-13T14:53:58Z
2026-08-13,NVDA,NVIDIA,7.0,0.323166358553396,USD,224.9100036621093,1.0,224.9100036621093,2026-08-13,72.68334688571485,70.0,2.6833468857148546,3.8333526938783633,yfinance,2026-08-13T14:53:58Z
2026-08-13,SPGI,S&P Global,2.0,0.047848035759865,USD,414.30999755859375,1.0,414.30999755859375,2026-08-13,19.82391957885318,20.0,-0.1760804211468212,-0.8804021057341062,yfinance,2026-08-13T14:53:58Z
2026-08-13,TER,Teradyne,7.0,0.1958589848780872,USD,413.0299987792969,1.0,413.0299987792969,2026-08-13,80.8956362851107,70.0,10.895636285110696,15.565194693015282,yfinance,2026-08-13T14:53:58Z
2026-08-13,TSM,TSMC,7.0,0.1719669363096472,USD,433.6000061035156,1.0,433.6000061035156,2026-08-13,74.56486463346593,70.0,4.56486463346593,6.521235190665616,yfinance,2026-08-13T14:53:58Z
2026-08-13,VEEV,Veeva Systems,2.0,0.1251407776463619,USD,242.1300048828125,1.0,242.1300048828125,2026-08-13,30.30033710255258,20.0,10.30033710255258,51.5016855127629,yfinance,2026-08-13T14:53:58Z
2026-08-13,VRT,Vertiv,5.0,0.1522672617580549,USD,290.2349853515625,1.0,290.2349853515625,2026-08-13,44.1932864858716,50.0,-5.806713514128397,-11.613427028256794,yfinance,2026-08-13T14:53:58Z
2026-08-14,000660.KS,SK Hynix,8.0,0.0625538166478737,KRW,1645000.0,0.0007082805098616,1165.1214387224527,2026-08-14,72.88279285035114,80.0,-7.117207149648863,-8.896508937061078,yfinance,2026-08-14T14:47:11Z
2026-08-14,AVGO,Broadcom,10.0,0.2417444256507892,USD,398.1799926757813,1.0,398.1799926757813,2026-08-14,96.2577936350422,100.0,-3.742206364957795,-3.742206364957795,yfinance,2026-08-14T14:47:11Z
2026-08-14,CASH,Cash,10.0,100.0,USD,1.0,1.0,1.0,2026-08-14,100.0,100.0,0.0,0.0,cash,2026-08-14T14:47:11Z
2026-08-14,CEG,Constellation Energy,5.0,0.1687260186663456,USD,283.7550048828125,1.0,283.7550048828125,2026-08-14,47.876852250526426,50.0,-2.123147749473574,-4.246295498947148,yfinance,2026-08-14T14:47:11Z
2026-08-14,GOOGL,Alphabet,15.0,0.3891454452478011,USD,346.44500732421875,1.0,346.44500732421875,2026-08-14,134.81749662906083,150.0,-15.182503370939171,-10.121668913959448,yfinance,2026-08-14T14:47:11Z
2026-08-14,MCO,Moody's,2.0,0.0444681598313336,USD,481.7799987792969,1.0,481.7799987792969,2026-08-14,21.42386998925751,20.0,1.4238699892575113,7.1193499462875565,yfinance,2026-08-14T14:47:11Z
2026-08-14,MSCI,MSCI,2.0,0.0339052007771873,USD,568.3400268554688,1.0,568.3400268554688,2026-08-14,19.26968272024671,20.0,-0.7303172797532902,-3.651586398766451,yfinance,2026-08-14T14:47:11Z
2026-08-14,MSFT,Microsoft,18.0,0.4293689203419845,USD,499.010009765625,1.0,499.010009765625,2026-08-14,214.25938913290955,180.0,34.25938913290955,19.032993962727527,yfinance,2026-08-14T14:47:11Z
2026-08-14,NVDA,NVIDIA,7.0,0.323166358553396,USD,226.46519470214844,1.0,226.46519470214844,2026-08-14,73.18593231097914,70.0,3.1859323109791404,4.551331872827343,yfinance,2026-08-14T14:47:11Z
2026-08-14,SPGI,S&P Global,2.0,0.047848035759865,USD,415.4190979003906,1.0,415.4190979003906,2026-08-14,19.876987851668755,20.0,-0.1230121483312451,-0.6150607416562259,yfinance,2026-08-14T14:47:11Z
2026-08-14,TER,Teradyne,7.0,0.1958589848780872,USD,405.6499938964844,1.0,405.6499938964844,2026-08-14,79.45019602036771,70.0,9.450196020367711,13.500280029096734,yfinance,2026-08-14T14:47:11Z
2026-08-14,TSM,TSMC,7.0,0.1719669363096472,USD,426.3949890136719,1.0,426.3949890136719,2026-08-14,73.32583991846684,70.0,3.325839918466841,4.751199883524058,yfinance,2026-08-14T14:47:11Z
2026-08-14,VEEV,Veeva Systems,2.0,0.1251407776463619,USD,244.75,1.0,244.75,2026-08-14,30.628205328947093,20.0,10.628205328947091,53.14102664473547,yfinance,2026-08-14T14:47:11Z
2026-08-14,VRT,Vertiv,5.0,0.1522672617580549,USD,293.7799987792969,1.0,293.7799987792969,2026-08-14,44.73307597340825,50.0,-5.266924026591752,-10.533848053183505,yfinance,2026-08-14T14:47:11Z
2026-08-15,000660.KS,SK Hynix,8.0,0.0625538166478737,KRW,1645000.0,0.0007082152974504,1165.014164305949,2026-08-14,72.87608242617014,80.0,-7.123917573829857,-8.904896967287321,yfinance,2026-08-15T14:18:20Z
2026-08-15,AVGO,Broadcom,10.0,0.2417444256507892,USD,392.989990234375,1.0,392.989990234375,2026-08-14,95.00313947571826,100.0,-4.996860524281743,-4.996860524281743,yfinance,2026-08-15T14:18:20Z
2026-08-15,CASH,Cash,10.0,100.0,USD,1.0,1.0,1.0,2026-08-15,100.0,100.0,0.0,0.0,cash,2026-08-15T14:18:20Z
2026-08-15,CEG,Constellation Energy,5.0,0.1687260186663456,USD,282.5,1.0,282.5,2026-08-14,47.66510027324264,50.0,-2.334899726757357,-4.669799453514713,yfinance,2026-08-15T14:18:20Z
2026-08-15,GOOGL,Alphabet,15.0,0.3891454452478011,USD,345.8999938964844,1.0,345.8999938964844,2026-08-14,134.6054071360591,150.0,-15.394592863940886,-10.263061909293924,yfinance,2026-08-15T14:18:20Z
2026-08-15,MCO,Moody's,2.0,0.0444681598313336,USD,484.9599914550781,1.0,484.9599914550781,2026-08-14,21.565278411826625,20.0,1.565278411826622,7.826392059133109,yfinance,2026-08-15T14:18:20Z
2026-08-15,MSCI,MSCI,2.0,0.0339052007771873,USD,569.1300048828125,1.0,569.1300048828125,2026-08-14,19.296467083873363,20.0,-0.7035329161266368,-3.517664580633184,yfinance,2026-08-15T14:18:20Z
2026-08-15,MSFT,Microsoft,18.0,0.4293689203419845,USD,495.3999938964844,1.0,495.3999938964844,2026-08-14,212.7093605167592,180.0,32.709360516759205,18.17186695375512,yfinance,2026-08-15T14:18:20Z
2026-08-15,NVDA,NVIDIA,7.0,0.323166358553396,USD,225.1600036621093,1.0,225.1600036621093,2026-08-14,72.7641384753532,70.0,2.7641384753532066,3.948769250504581,yfinance,2026-08-15T14:18:20Z
2026-08-15,SPGI,S&P Global,2.0,0.047848035759865,USD,418.7999877929688,1.0,418.7999877929688,2026-08-14,20.038756792149,20.0,0.0387567921489981,0.1937839607449909,yfinance,2026-08-15T14:18:20Z
2026-08-15,TER,Teradyne,7.0,0.1958589848780872,USD,418.7900085449219,1.0,418.7900085449219,2026-08-14,82.02378595069388,70.0,12.023785950693878,17.176837072419826,yfinance,2026-08-15T14:18:20Z
2026-08-15,TSM,TSMC,7.0,0.1719669363096472,USD,426.3500061035156,1.0,426.3500061035156,2026-08-14,73.31810434522099,70.0,3.318104345220988,4.740149064601411,yfinance,2026-08-15T14:18:20Z
2026-08-15,VEEV,Veeva Systems,2.0,0.1251407776463619,USD,243.75,1.0,243.75,2026-08-14,30.50306455130073,20.0,10.503064551300731,52.51532275650366,yfinance,2026-08-15T14:18:20Z
2026-08-15,VRT,Vertiv,5.0,0.1522672617580549,USD,293.8399963378906,1.0,293.8399963378906,2026-08-14,44.74221163736749,50.0,-5.25778836263251,-10.51557672526502,yfinance,2026-08-15T14:18:20Z
2026-08-16,000660.KS,SK Hynix,8.0,0.0625538166478737,KRW,1645000.0,0.0007059753853132,1161.329508840377,2026-08-14,72.64559316376618,80.0,-7.354406836233821,-9.193008545292276,yfinance,2026-08-16T14:18:44Z
2026-08-16,AVGO,Broadcom,10.0,0.2417444256507892,USD,392.989990234375,1.0,392.989990234375,2026-08-14,95.00313947571826,100.0,-4.996860524281743,-4.996860524281743,yfinance,2026-08-16T14:18:44Z
2026-08-16,CASH,Cash,10.0,100.0,USD,1.0,1.0,1.0,2026-08-16,100.0,100.0,0.0,0.0,cash,2026-08-16T14:18:44Z
2026-08-16,CEG,Constellation Energy,5.0,0.1687260186663456,USD,282.5,1.0,282.5,2026-08-14,47.66510027324264,50.0,-2.334899726757357,-4.669799453514713,yfinance,2026-08-16T14:18:44Z
2026-08-16,GOOGL,Alphabet,15.0,0.3891454452478011,USD,345.8999938964844,1.0,345.8999938964844,2026-08-14,134.6054071360591,150.0,-15.394592863940886,-10.263061909293924,yfinance,2026-08-16T14:18:44Z
2026-08-16,MCO,Moody's,2.0,0.0444681598313336,USD,484.9599914550781,1.0,484.9599914550781,2026-08-14,21.565278411826625,20.0,1.565278411826622,7.826392059133109,yfinance,2026-08-16T14:18:44Z
2026-08-16,MSCI,MSCI,2.0,0.0339052007771873,USD,569.1300048828125,1.0,569.1300048828125,2026-08-14,19.296467083873363,20.0,-0.7035329161266368,-3.517664580633184,yfinance,2026-08-16T14:18:44Z
2026-08-16,MSFT,Microsoft,18.0,0.4293689203419845,USD,495.3999938964844,1.0,495.3999938964844,2026-08-14,212.7093605167592,180.0,32.709360516759205,18.17186695375512,yfinance,2026-08-16T14:18:44Z
2026-08-16,NVDA,NVIDIA,7.0,0.323166358553396,USD,225.1600036621093,1.0,225.1600036621093,2026-08-14,72.7641384753532,70.0,2.7641384753532066,3.948769250504581,yfinance,2026-08-16T14:18:44Z
2026-08-16,SPGI,S&P Global,2.0,0.047848035759865,USD,418.7999877929688,1.0,418.7999877929688,2026-08-14,20.038756792149,20.0,0.0387567921489981,0.1937839607449909,yfinance,2026-08-16T14:18:44Z
2026-08-16,TER,Teradyne,7.0,0.1958589848780872,USD,418.7900085449219,1.0,418.7900085449219,2026-08-14,82.02378595069388,70.0,12.023785950693878,17.176837072419826,yfinance,2026-08-16T14:18:44Z
2026-08-16,TSM,TSMC,7.0,0.1719669363096472,USD,426.3500061035156,1.0,426.3500061035156,2026-08-14,73.31810434522099,70.0,3.318104345220988,4.740149064601411,yfinance,2026-08-16T14:18:44Z
2026-08-16,VEEV,Veeva Systems,2.0,0.1251407776463619,USD,243.75,1.0,243.75,2026-08-14,30.50306455130073,20.0,10.503064551300731,52.51532275650366,yfinance,2026-08-16T14:18:44Z
2026-08-16,VRT,Vertiv,5.0,0.1522672617580549,USD,293.8399963378906,1.0,293.8399963378906,2026-08-14,44.74221163736749,50.0,-5.25778836263251,-10.51557672526502,yfinance,2026-08-16T14:18:44Z
2026-08-17,000660.KS,SK Hynix,8.0,0.0625538166478737,KRW,1645000.0,0.000708315600945,1165.1791635546722,2026-08-14,72.88640375892182,80.0,-7.113596241078184,-8.89199530134773,yfinance,2026-08-17T14:23:42Z
2026-08-17,AVGO,Broadcom,10.0,0.2417444256507892,USD,394.9849853515625,1.0,394.9849853515625,2026-08-17,95.48541842449887,100.0,-4.514581575501126,-4.514581575501126,yfinance,2026-08-17T14:23:42Z
2026-08-17,CASH,Cash,10.0,100.0,USD,1.0,1.0,1.0,2026-08-17,100.0,100.0,0.0,0.0,cash,2026-08-17T14:23:42Z
2026-08-17,CEG,Constellation Energy,5.0,0.1687260186663456,USD,274.05499267578125,1.0,274.05499267578125,2026-08-17,46.24020780981909,50.0,-3.75979219018091,-7.519584380361819,yfinance,2026-08-17T14:23:42Z
2026-08-17,GOOGL,Alphabet,15.0,0.3891454452478011,USD,343.92999267578125,1.0,343.92999267578125,2026-08-17,133.8387901338899,150.0,-16.161209866110113,-10.774139910740075,yfinance,2026-08-17T14:23:42Z
2026-08-17,MCO,Moody's,2.0,0.0444681598313336,USD,480.8699951171875,1.0,480.8699951171875,2026-08-17,21.38340380096373,20.0,1.3834038009637304,6.917019004818652,yfinance,2026-08-17T14:23:42Z
2026-08-17,MSCI,MSCI,2.0,0.0339052007771873,USD,563.4400024414062,1.0,563.4400024414062,2026-08-17,19.1035464086748,20.0,-0.8964535913252014,-4.482267956626007,yfinance,2026-08-17T14:23:42Z
2026-08-17,MSFT,Microsoft,18.0,0.4293689203419845,USD,484.739990234375,1.0,484.739990234375,2026-08-17,208.1322862535177,180.0,28.13228625351769,15.62904791862094,yfinance,2026-08-17T14:23:42Z
2026-08-17,NVDA,NVIDIA,7.0,0.323166358553396,USD,226.0415954589844,1.0,226.0415954589844,2026-08-17,73.04903928607985,70.0,3.0490392860798465,4.355770408685495,yfinance,2026-08-17T14:23:42Z
2026-08-17,SPGI,S&P Global,2.0,0.047848035759865,USD,414.75,1.0,414.75,2026-08-17,19.84497283140401,20.0,-0.1550271685959892,-0.775135842979946,yfinance,2026-08-17T14:23:42Z
2026-08-17,TER,Teradyne,7.0,0.1958589848780872,USD,430.2000122070313,1.0,430.2000122070313,2026-08-17,84.25853768540988,70.0,14.258537685409877,20.36933955058554,yfinance,2026-08-17T14:23:42Z
2026-08-17,TSM,TSMC,7.0,0.1719669363096472,USD,429.3048095703125,1.0,429.3048095703125,2026-08-17,73.82623284480317,70.0,3.826232844803173,5.466046921147389,yfinance,2026-08-17T14:23:42Z
2026-08-17,VEEV,Veeva Systems,2.0,0.1251407776463619,USD,242.22999572753903,1.0,242.22999572753903,2026-08-17,30.31285003461917,20.0,10.312850034619178,51.56425017309589,yfinance,2026-08-17T14:23:42Z
2026-08-17,VRT,Vertiv,5.0,0.1522672617580549,USD,295.2950134277344,1.0,295.2950134277344,2026-08-17,44.96376310544917,50.0,-5.036236894550832,-10.072473789101664,yfinance,2026-08-17T14:23:42Z
2026-08-18,000660.KS,SK Hynix,8.0,0.0625538166478737,KRW,1662000.0,0.0007086971115748,1177.8545994373333,2026-08-18,73.67930065105767,80.0,-6.320699348942327,-7.900874186177909,yfinance,2026-08-18T14:30:16Z
2026-08-18,AVGO,Broadcom,10.0,0.2417444256507892,USD,378.9924926757813,1.0,378.9924926757813,2026-08-18,91.61932246786768,100.0,-8.38067753213231,-8.38067753213231,yfinance,2026-08-18T14:30:16Z
2026-08-18,CASH,Cash,10.0,100.0,USD,1.0,1.0,1.0,2026-08-18,100.0,100.0,0.0,0.0,cash,2026-08-18T14:30:16Z
2026-08-18,CEG,Constellation Energy,5.0,0.1687260186663456,USD,277.7200012207031,1.0,277.7200012207031,2026-08-18,46.85859010998189,50.0,-3.14140989001811,-6.282819780036221,yfinance,2026-08-18T14:30:16Z
2026-08-18,GOOGL,Alphabet,15.0,0.3891454452478011,USD,343.839111328125,1.0,343.839111328125,2026-08-18,133.80342407139148,150.0,-16.196575928608524,-10.797717285739015,yfinance,2026-08-18T14:30:16Z
2026-08-18,MCO,Moody's,2.0,0.0444681598313336,USD,483.9400024414063,1.0,483.9400024414063,2026-08-18,21.519921377340456,20.0,1.5199213773404558,7.599606886702278,yfinance,2026-08-18T14:30:16Z
2026-08-18,MSCI,MSCI,2.0,0.0339052007771873,USD,562.4299926757812,1.0,562.4299926757812,2026-08-18,19.069301824784365,20.0,-0.9306981752156354,-4.653490876078177,yfinance,2026-08-18T14:30:16Z
2026-08-18,MSFT,Microsoft,18.0,0.4293689203419845,USD,480.9299926757813,1.0,480.9299926757813,2026-08-18,206.4963917152787,180.0,26.49639171527869,14.720217619599271,yfinance,2026-08-18T14:30:16Z
2026-08-18,NVDA,NVIDIA,7.0,0.323166358553396,USD,220.0200042724609,1.0,220.0200042724609,2026-08-18,71.10306358963383,70.0,1.103063589633834,1.575805128048334,yfinance,2026-08-18T14:30:16Z
2026-08-18,SPGI,S&P Global,2.0,0.047848035759865,USD,416.9849853515625,1.0,416.9849853515625,2026-08-18,19.95191249042835,20.0,-0.0480875095716513,-0.2404375478582565,yfinance,2026-08-18T14:30:16Z
2026-08-18,TER,Teradyne,7.0,0.1958589848780872,USD,408.5499877929688,1.0,408.5499877929688,2026-08-18,80.01818588108578,70.0,10.018185881085785,14.311694115836834,yfinance,2026-08-18T14:30:16Z
2026-08-18,TSM,TSMC,7.0,0.1719669363096472,USD,414.9700012207031,1.0,414.9700012207031,2026-08-18,71.3611197703349,70.0,1.361119770334895,1.944456814764136,yfinance,2026-08-18T14:30:16Z
2026-08-18,VEEV,Veeva Systems,2.0,0.1251407776463619,USD,243.9100036621093,1.0,243.9100036621093,2026-08-18,30.523087534003363,20.0,10.523087534003364,52.61543767001682,yfinance,2026-08-18T14:30:16Z
2026-08-18,VRT,Vertiv,5.0,0.1522672617580549,USD,278.7149963378906,1.0,278.7149963378906,2026-08-18,42.439169303276906,50.0,-7.5608306967230945,-15.121661393446187,yfinance,2026-08-18T14:30:16Z
2026-08-19,000660.KS,SK Hynix,8.0,0.0625538166478737,KRW,1500000.0,0.000721032505874,1081.5487588110182,2026-08-19,67.65500275439982,80.0,-12.344997245600185,-15.431246557000229,yfinance,2026-08-19T14:29:39Z
2026-08-19,AVGO,Broadcom,10.0,0.2417444256507892,USD,359.3800048828125,1.0,359.3800048828125,2026-08-19,86.87811287077334,100.0,-13.121887129226664,-13.121887129226664,yfinance,2026-08-19T14:29:39Z
2026-08-19,CASH,Cash,10.0,100.0,USD,1.0,1.0,1.0,2026-08-19,100.0,100.0,0.0,0.0,cash,2026-08-19T14:29:39Z
2026-08-19,CEG,Constellation Energy,5.0,0.1687260186663456,USD,270.760009765625,1.0,270.760009765625,2026-08-19,45.68425846181477,50.0,-4.315741538185229,-8.631483076370458,yfinance,2026-08-19T14:29:39Z
2026-08-19,GOOGL,Alphabet,15.0,0.3891454452478011,USD,343.1499938964844,1.0,343.1499938964844,2026-08-19,133.53525716162767,150.0,-16.46474283837233,-10.976495225581552,yfinance,2026-08-19T14:29:39Z
2026-08-19,MCO,Moody's,2.0,0.0444681598313336,USD,502.6449890136719,1.0,502.6449890136719,2026-08-19,22.35169770987892,20.0,2.3516977098789127,11.758488549394563,yfinance,2026-08-19T14:29:39Z
2026-08-19,MSCI,MSCI,2.0,0.0339052007771873,USD,570.7249755859375,1.0,570.7249755859375,2026-08-19,19.35054488579655,20.0,-0.6494551142034517,-3.2472755710172585,yfinance,2026-08-19T14:29:39Z
2026-08-19,MSFT,Microsoft,18.0,0.4293689203419845,USD,481.5499877929688,1.0,481.5499877929688,2026-08-19,206.7625983493628,180.0,26.762598349362804,14.868110194090448,yfinance,2026-08-19T14:29:39Z
2026-08-19,NVDA,NVIDIA,7.0,0.323166358553396,USD,218.0498962402344,1.0,218.0498962402344,2026-08-19,70.46639095090238,70.0,0.4663909509023796,0.6662727870033994,yfinance,2026-08-19T14:29:39Z
2026-08-19,SPGI,S&P Global,2.0,0.047848035759865,USD,430.81878662109375,1.0,430.81878662109375,2026-08-19,20.613832708267747,20.0,0.613832708267747,3.069163541338736,yfinance,2026-08-19T14:29:39Z
2026-08-19,TER,Teradyne,7.0,0.1958589848780872,USD,381.3349914550781,1.0,381.3349914550781,2026-08-19,74.68788432488567,70.0,4.6878843248856725,6.696977606979532,yfinance,2026-08-19T14:29:39Z
2026-08-19,TSM,TSMC,7.0,0.1719669363096472,USD,411.2200012207031,1.0,411.2200012207031,2026-08-19,70.71624375917371,70.0,0.7162437591737074,1.0232053702481534,yfinance,2026-08-19T14:29:39Z
2026-08-19,VEEV,Veeva Systems,2.0,0.1251407776463619,USD,250.9750061035156,1.0,250.9750061035156,2026-08-19,31.407207433594387,20.0,11.407207433594388,57.036037167971934,yfinance,2026-08-19T14:29:39Z
2026-08-19,VRT,Vertiv,5.0,0.1522672617580549,USD,258.5400085449219,1.0,258.5400085449219,2026-08-19,39.36717915603937,50.0,-10.63282084396063,-21.26564168792126,yfinance,2026-08-19T14:29:39Z
2026-08-20,000660.KS,SK Hynix,8.0,0.0625538166478737,KRW,1691000.0,0.0007173601147776,1213.0559540889528,2026-08-20,75.88127973569186,80.0,-4.118720264308138,-5.148400330385172,yfinance,2026-08-20T14:32:50Z
2026-08-20,AVGO,Broadcom,10.0,0.2417444256507892,USD,365.6900024414063,1.0,365.6900024414063,2026-08-20,88.40351960643346,100.0,-11.596480393566535,-11.596480393566535,yfinance,2026-08-20T14:32:50Z
2026-08-20,CASH,Cash,10.0,100.0,USD,1.0,1.0,1.0,2026-08-20,100.0,100.0,0.0,0.0,cash,2026-08-20T14:32:50Z
2026-08-20,CEG,Constellation Energy,5.0,0.1687260186663456,USD,275.6499938964844,1.0,275.6499938964844,2026-08-20,46.50932601555629,50.0,-3.49067398444371,-6.98134796888742,yfinance,2026-08-20T14:32:50Z
2026-08-20,GOOGL,Alphabet,15.0,0.3891454452478011,USD,341.8299865722656,1.0,341.8299865722656,2026-08-20,133.0215823237142,150.0,-16.9784176762858,-11.318945117523867,yfinance,2026-08-20T14:32:50Z
2026-08-20,MCO,Moody's,2.0,0.0444681598313336,USD,496.6000061035156,1.0,496.6000061035156,2026-08-20,22.082888443652404,20.0,2.082888443652404,10.41444221826202,yfinance,2026-08-20T14:32:50Z
2026-08-20,MSCI,MSCI,2.0,0.0339052007771873,USD,563.1400146484375,1.0,563.1400146484375,2026-08-20,19.093375262323487,20.0,-0.9066247376765126,-4.533123688382563,yfinance,2026-08-20T14:32:50Z
2026-08-20,MSFT,Microsoft,18.0,0.4293689203419845,USD,482.6210021972656,1.0,482.6210021972656,2026-08-20,207.2224586478065,180.0,27.222458647806462,15.123588137670255,yfinance,2026-08-20T14:32:50Z
2026-08-20,NVDA,NVIDIA,7.0,0.323166358553396,USD,217.6100006103516,1.0,217.6100006103516,2026-08-20,70.3242314820496,70.0,0.3242314820495977,0.4631878314994254,yfinance,2026-08-20T14:32:50Z
2026-08-20,SPGI,S&P Global,2.0,0.047848035759865,USD,426.2200012207031,1.0,426.2200012207031,2026-08-20,20.39378985997791,20.0,0.393789859977911,1.9689492998895552,yfinance,2026-08-20T14:32:50Z
2026-08-20,TER,Teradyne,7.0,0.1958589848780872,USD,382.159912109375,1.0,382.159912109375,2026-08-20,74.84945244684123,70.0,4.849452446841227,6.92778920977318,yfinance,2026-08-20T14:32:50Z
2026-08-20,TSM,TSMC,7.0,0.1719669363096472,USD,415.9750061035156,1.0,415.9750061035156,2026-08-20,71.53394738100839,70.0,1.5339473810083888,2.191353401440556,yfinance,2026-08-20T14:32:50Z
2026-08-20,VEEV,Veeva Systems,2.0,0.1251407776463619,USD,250.9499969482422,1.0,250.9499969482422,2026-08-20,31.404077768455192,20.0,11.404077768455192,57.02038884227596,yfinance,2026-08-20T14:32:50Z
2026-08-20,VRT,Vertiv,5.0,0.1522672617580549,USD,257.760009765625,1.0,257.760009765625,2026-08-20,39.248410877741215,50.0,-10.751589122258784,-21.50317824451757,yfinance,2026-08-20T14:32:50Z
2026-08-21,000660.KS,SK Hynix,8.0,0.0625538166478737,KRW,1730000.0,0.0007214538916369,1248.1152325319342,2026-08-21,78.07437141122088,80.0,-1.92562858877912,-2.407035735973899,yfinance,2026-08-21T14:31:13Z
2026-08-21,AVGO,Broadcom,10.0,0.2417444256507892,USD,368.1700134277344,1.0,368.1700134277344,2026-08-21,89.00304843793101,100.0,-10.996951562068986,-10.996951562068986,yfinance,2026-08-21T14:31:13Z
2026-08-21,CASH,Cash,10.0,100.0,USD,1.0,1.0,1.0,2026-08-21,100.0,100.0,0.0,0.0,cash,2026-08-21T14:31:13Z
2026-08-21,CEG,Constellation Energy,5.0,0.1687260186663456,USD,273.9700012207031,1.0,273.9700012207031,2026-08-21,46.2258675399831,50.0,-3.774132460016901,-7.548264920033803,yfinance,2026-08-21T14:31:13Z
2026-08-21,GOOGL,Alphabet,15.0,0.3891454452478011,USD,342.6000061035156,1.0,342.6000061035156,2026-08-21,133.321231917052,150.0,-16.67876808294801,-11.11917872196534,yfinance,2026-08-21T14:31:13Z
2026-08-21,MCO,Moody's,2.0,0.0444681598313336,USD,503.6950073242188,1.0,503.6950073242188,2026-08-21,22.39839009193814,20.0,2.39839009193814,11.9919504596907,yfinance,2026-08-21T14:31:13Z
2026-08-21,MSCI,MSCI,2.0,0.0339052007771873,USD,567.780029296875,1.0,567.780029296875,2026-08-21,19.250695890587853,20.0,-0.7493041094121473,-3.746520547060737,yfinance,2026-08-21T14:31:13Z
2026-08-21,MSFT,Microsoft,18.0,0.4293689203419845,USD,483.6700134277344,1.0,483.6700134277344,2026-08-21,207.67287146725943,180.0,27.67287146725945,15.373817481810809,yfinance,2026-08-21T14:31:13Z
2026-08-21,NVDA,NVIDIA,7.0,0.323166358553396,USD,214.6849975585937,1.0,214.6849975585937,2026-08-21,69.37896889705546,70.0,-0.6210311029445421,-0.8871872899207744,yfinance,2026-08-21T14:31:13Z
2026-08-21,SPGI,S&P Global,2.0,0.047848035759865,USD,432.8399963378906,1.0,432.8399963378906,2026-08-21,20.71054362307523,20.0,0.7105436230752282,3.552718115376141,yfinance,2026-08-21T14:31:13Z
2026-08-21,TER,Teradyne,7.0,0.1958589848780872,USD,368.6799926757813,1.0,368.6799926757813,2026-08-21,72.20928911033916,70.0,2.2092891103391565,3.156127300484509,yfinance,2026-08-21T14:31:13Z
2026-08-21,TSM,TSMC,7.0,0.1719669363096472,USD,419.0,1.0,419.0,2026-08-21,72.0541463137422,70.0,2.0541463137421943,2.93449473391742,yfinance,2026-08-21T14:31:13Z
2026-08-21,VEEV,Veeva Systems,2.0,0.1251407776463619,USD,247.60499572753903,1.0,247.60499572753903,2026-08-21,30.98548171446837,20.0,10.98548171446837,54.927408572341854,yfinance,2026-08-21T14:31:13Z
2026-08-21,VRT,Vertiv,5.0,0.1522672617580549,USD,258.9200134277344,1.0,258.9200134277344,2026-08-21,39.42504145899992,50.0,-10.57495854100008,-21.14991708200016,yfinance,2026-08-21T14:31:13Z
2026-08-22,000660.KS,SK Hynix,8.0,0.0625538166478737,KRW,1730000.0,0.0007225955505155,1250.0903023919484,2026-08-21,78.19791956911094,80.0,-1.8020804308890632,-2.252600538611329,yfinance,2026-08-22T14:17:34Z
2026-08-22,AVGO,Broadcom,10.0,0.2417444256507892,USD,368.4500122070313,1.0,368.4500122070313,2026-08-21,89.07073658201506,100.0,-10.92926341798494,-10.92926341798494,yfinance,2026-08-22T14:17:34Z
2026-08-22,CASH,Cash,10.0,100.0,USD,1.0,1.0,1.0,2026-08-22,100.0,100.0,0.0,0.0,cash,2026-08-22T14:17:34Z
2026-08-22,CEG,Constellation Energy,5.0,0.1687260186663456,USD,272.8800048828125,1.0,272.8800048828125,2026-08-21,46.04195679752991,50.0,-3.958043202470087,-7.916086404940175,yfinance,2026-08-22T14:17:34Z
2026-08-22,GOOGL,Alphabet,15.0,0.3891454452478011,USD,344.82000732421875,1.0,344.82000732421875,2026-08-21,134.18513528053316,150.0,-15.81486471946684,-10.543243146311228,yfinance,2026-08-22T14:17:34Z
2026-08-22,MCO,Moody's,2.0,0.0444681598313336,USD,503.3200073242188,1.0,503.3200073242188,2026-08-21,22.38171453200139,20.0,2.3817145320013893,11.908572660006946,yfinance,2026-08-22T14:17:34Z
2026-08-22,MSCI,MSCI,2.0,0.0339052007771873,USD,563.489990234375,1.0,563.489990234375,2026-08-21,19.10524125483181,20.0,-0.8947587451681862,-4.473793725840931,yfinance,2026-08-22T14:17:34Z
2026-08-22,MSFT,Microsoft,18.0,0.4293689203419845,USD,483.239990234375,1.0,483.239990234375,2026-08-21,207.4882328730047,180.0,27.488232873004705,15.271240485002613,yfinance,2026-08-22T14:17:34Z
2026-08-22,NVDA,NVIDIA,7.0,0.323166358553396,USD,214.72000122070312,1.0,214.72000122070312,2026-08-21,69.39028090307538,70.0,-0.6097190969246213,-0.8710272813208877,yfinance,2026-08-22T14:17:34Z
2026-08-22,SPGI,S&P Global,2.0,0.047848035759865,USD,431.2900085449219,1.0,431.2900085449219,2026-08-21,20.63637975172991,20.0,0.6363797517299083,3.1818987586495413,yfinance,2026-08-22T14:17:34Z
2026-08-22,TER,Teradyne,7.0,0.1958589848780872,USD,375.739990234375,1.0,375.739990234375,2026-08-21,73.5920530654071,70.0,3.5920530654071,5.131504379153,yfinance,2026-08-22T14:17:34Z
2026-08-22,TSM,TSMC,7.0,0.1719669363096472,USD,418.9500122070313,1.0,418.9500122070313,2026-08-21,72.04555006613248,70.0,2.0455500661324777,2.9222143801892537,yfinance,2026-08-22T14:17:34Z
2026-08-22,VEEV,Veeva Systems,2.0,0.1251407776463619,USD,247.8999938964844,1.0,247.8999938964844,2026-08-21,31.02239801473444,20.0,11.022398014734442,55.11199007367221,yfinance,2026-08-22T14:17:34Z
2026-08-22,VRT,Vertiv,5.0,0.1522672617580549,USD,261.95001220703125,1.0,261.95001220703125,2026-08-21,39.88641107625371,50.0,-10.113588923746292,-20.227177847492584,yfinance,2026-08-22T14:17:34Z
2026-08-23,000660.KS,SK Hynix,8.0,0.0625538166478737,KRW,1730000.0,0.0007215111430843,1248.2142775358843,2026-08-21,78.08056705423787,80.0,-1.919432945762125,-2.3992911822026564,yfinance,2026-08-23T14:19:40Z
2026-08-23,AVGO,Broadcom,10.0,0.2417444256507892,USD,368.4500122070313,1.0,368.4500122070313,2026-08-21,89.07073658201506,100.0,-10.92926341798494,-10.92926341798494,yfinance,2026-08-23T14:19:40Z
2026-08-23,CASH,Cash,10.0,100.0,USD,1.0,1.0,1.0,2026-08-23,100.0,100.0,0.0,0.0,cash,2026-08-23T14:19:40Z
2026-08-23,CEG,Constellation Energy,5.0,0.1687260186663456,USD,272.8800048828125,1.0,272.8800048828125,2026-08-21,46.04195679752991,50.0,-3.958043202470087,-7.916086404940175,yfinance,2026-08-23T14:19:40Z
2026-08-23,GOOGL,Alphabet,15.0,0.3891454452478011,USD,344.82000732421875,1.0,344.82000732421875,2026-08-21,134.18513528053316,150.0,-15.81486471946684,-10.543243146311228,yfinance,2026-08-23T14:19:40Z
2026-08-23,MCO,Moody's,2.0,0.0444681598313336,USD,503.3200073242188,1.0,503.3200073242188,2026-08-21,22.38171453200139,20.0,2.3817145320013893,11.908572660006946,yfinance,2026-08-23T14:19:40Z
2026-08-23,MSCI,MSCI,2.0,0.0339052007771873,USD,563.489990234375,1.0,563.489990234375,2026-08-21,19.10524125483181,20.0,-0.8947587451681862,-4.473793725840931,yfinance,2026-08-23T14:19:40Z
2026-08-23,MSFT,Microsoft,18.0,0.4293689203419845,USD,483.239990234375,1.0,483.239990234375,2026-08-21,207.4882328730047,180.0,27.488232873004705,15.271240485002613,yfinance,2026-08-23T14:19:40Z
2026-08-23,NVDA,NVIDIA,7.0,0.323166358553396,USD,214.72000122070312,1.0,214.72000122070312,2026-08-21,69.39028090307538,70.0,-0.6097190969246213,-0.8710272813208877,yfinance,2026-08-23T14:19:40Z
2026-08-23,SPGI,S&P Global,2.0,0.047848035759865,USD,431.2900085449219,1.0,431.2900085449219,2026-08-21,20.63637975172991,20.0,0.6363797517299083,3.1818987586495413,yfinance,2026-08-23T14:19:40Z
2026-08-23,TER,Teradyne,7.0,0.1958589848780872,USD,375.739990234375,1.0,375.739990234375,2026-08-21,73.5920530654071,70.0,3.5920530654071,5.131504379153,yfinance,2026-08-23T14:19:40Z
2026-08-23,TSM,TSMC,7.0,0.1719669363096472,USD,418.9500122070313,1.0,418.9500122070313,2026-08-21,72.04555006613248,70.0,2.0455500661324777,2.9222143801892537,yfinance,2026-08-23T14:19:40Z
2026-08-23,VEEV,Veeva Systems,2.0,0.1251407776463619,USD,247.8999938964844,1.0,247.8999938964844,2026-08-21,31.02239801473444,20.0,11.022398014734442,55.11199007367221,yfinance,2026-08-23T14:19:40Z
2026-08-23,VRT,Vertiv,5.0,0.1522672617580549,USD,261.95001220703125,1.0,261.95001220703125,2026-08-21,39.88641107625371,50.0,-10.113588923746292,-20.227177847492584,yfinance,2026-08-23T14:19:40Z
2026-08-24,000660.KS,SK Hynix,8.0,0.0625538166478737,KRW,1671000.0,0.0007226791211191,1207.5968113901004,2026-08-24,75.53978952425327,80.0,-4.460210475746735,-5.575263094683418,yfinance,2026-08-24T14:37:48Z
2026-08-24,AVGO,Broadcom,10.0,0.2417444256507892,USD,362.9649963378906,1.0,362.9649963378906,2026-08-24,87.74476457104419,100.0,-12.255235428955814,-12.255235428955814,yfinance,2026-08-24T14:37:48Z
2026-08-24,CASH,Cash,10.0,100.0,USD,1.0,1.0,1.0,2026-08-24,100.0,100.0,0.0,0.0,cash,2026-08-24T14:37:48Z
2026-08-24,CEG,Constellation Energy,5.0,0.1687260186663456,USD,272.42999267578125,1.0,272.42999267578125,2026-08-24,45.966028029486274,50.0,-4.033971970513726,-8.067943941027451,yfinance,2026-08-24T14:37:48Z
2026-08-24,GOOGL,Alphabet,15.0,0.3891454452478011,USD,348.739990234375,1.0,348.739990234375,2026-08-24,135.71057877546968,150.0,-14.289421224530315,-9.526280816353545,yfinance,2026-08-24T14:37:48Z
2026-08-24,MCO,Moody's,2.0,0.0444681598313336,USD,509.55999755859375,1.0,509.55999755859375,2026-08-24,22.65919541508954,20.0,2.6591954150895383,13.29597707544769,yfinance,2026-08-24T14:37:48Z
2026-08-24,MSCI,MSCI,2.0,0.0339052007771873,USD,570.344970703125,1.0,570.344970703125,2026-08-24,19.33766074394848,20.0,-0.6623392560515207,-3.311696280257604,yfinance,2026-08-24T14:37:48Z
2026-08-24,MSFT,Microsoft,18.0,0.4293689203419845,USD,487.1650085449219,1.0,487.1650085449219,2026-08-24,209.17351374732675,180.0,29.17351374732675,16.20750763740375,yfinance,2026-08-24T14:37:48Z
2026-08-24,NVDA,NVIDIA,7.0,0.323166358553396,USD,210.0,1.0,210.0,2026-08-24,67.86493529621316,70.0,-2.1350647037868384,-3.050092433981198,yfinance,2026-08-24T14:37:48Z
2026-08-24,SPGI,S&P Global,2.0,0.047848035759865,USD,436.6400146484375,1.0,436.6400146484375,2026-08-24,20.89236703508642,20.0,0.8923670350864192,4.461835175432096,yfinance,2026-08-24T14:37:48Z
2026-08-24,TER,Teradyne,7.0,0.1958589848780872,USD,354.4700012207031,1.0,354.4700012207031,2026-08-24,69.42613460882126,70.0,-0.5738653911787424,-0.8198077016839176,yfinance,2026-08-24T14:37:48Z
2026-08-24,TSM,TSMC,7.0,0.1719669363096472,USD,408.3049926757813,1.0,408.3049926757813,2026-08-24,70.21495867038706,70.0,0.2149586703870625,0.3070838148386607,yfinance,2026-08-24T14:37:48Z
2026-08-24,VEEV,Veeva Systems,2.0,0.1251407776463619,USD,248.8500061035156,1.0,248.8500061035156,2026-08-24,31.14128328109587,20.0,11.14128328109587,55.70641640547935,yfinance,2026-08-24T14:37:48Z
2026-08-24,VRT,Vertiv,5.0,0.1522672617580549,USD,251.5399932861328,1.0,251.5399932861328,2026-08-24,38.30130600031896,50.0,-11.69869399968104,-23.39738799936208,yfinance,2026-08-24T14:37:48Z
2026-08-25,000660.KS,SK Hynix,8.0,0.0625538166478737,KRW,1678000.0,0.0007221781145826,1211.814876269696,2026-08-25,75.80364558134033,80.0,-4.196354418659666,-5.245443023324583,yfinance,2026-08-25T14:41:00Z
2026-08-25,AVGO,Broadcom,10.0,0.2417444256507892,USD,358.3699951171875,1.0,358.3699951171875,2026-08-25,86.63394864008063,100.0,-13.366051359919368,-13.366051359919368,yfinance,2026-08-25T14:41:00Z
2026-08-25,CASH,Cash,10.0,100.0,USD,1.0,1.0,1.0,2026-08-25,100.0,100.0,0.0,0.0,cash,2026-08-25T14:41:00Z
2026-08-25,CEG,Constellation Energy,5.0,0.1687260186663456,USD,276.20001220703125,1.0,276.20001220703125,2026-08-25,46.602128415288455,50.0,-3.3978715847115453,-6.7957431694230905,yfinance,2026-08-25T14:41:00Z
2026-08-25,GOOGL,Alphabet,15.0,0.3891454452478011,USD,347.17999267578125,1.0,347.17999267578125,2026-08-25,135.10351283094525,150.0,-14.896487169054751,-9.9309914460365,yfinance,2026-08-25T14:41:00Z
2026-08-25,MCO,Moody's,2.0,0.0444681598313336,USD,510.1749877929688,1.0,510.1749877929688,2026-08-25,22.68654289912644,20.0,2.686542899126433,13.432714495632164,yfinance,2026-08-25T14:41:00Z
2026-08-25,MSCI,MSCI,2.0,0.0339052007771873,USD,567.0800170898438,1.0,567.0800170898438,2026-08-25,19.226961836161976,20.0,-0.7730381638380237,-3.865190819190119,yfinance,2026-08-25T14:41:00Z
2026-08-25,MSFT,Microsoft,18.0,0.4293689203419845,USD,487.5450134277344,1.0,487.5450134277344,2026-08-25,209.33667603358464,180.0,29.33667603358464,16.298153351991466,yfinance,2026-08-25T14:41:00Z
2026-08-25,NVDA,NVIDIA,7.0,0.323166358553396,USD,211.1699066162109,1.0,211.1699066162109,2026-08-25,68.24300975722159,70.0,-1.7569902427784143,-2.5099860611120204,yfinance,2026-08-25T14:41:00Z
2026-08-25,SPGI,S&P Global,2.0,0.047848035759865,USD,433.6700134277344,1.0,433.6700134277344,2026-08-25,20.750258310471374,20.0,0.7502583104713736,3.751291552356869,yfinance,2026-08-25T14:41:00Z
2026-08-25,TER,Teradyne,7.0,0.1958589848780872,USD,365.0,1.0,365.0,2026-08-25,71.48852948050184,70.0,1.488529480501839,2.1264706864311984,yfinance,2026-08-25T14:41:00Z
2026-08-25,TSM,TSMC,7.0,0.1719669363096472,USD,416.3299865722656,1.0,416.3299865722656,2026-08-25,71.59499228466909,70.0,1.5949922846690896,2.278560406670128,yfinance,2026-08-25T14:41:00Z
2026-08-25,VEEV,Veeva Systems,2.0,0.1251407776463619,USD,245.3249969482422,1.0,245.3249969482422,2026-08-25,30.700160894194404,20.0,10.700160894194404,53.50080447097202,yfinance,2026-08-25T14:41:00Z
2026-08-25,VRT,Vertiv,5.0,0.1522672617580549,USD,259.4700012207031,1.0,259.4700012207031,2026-08-25,39.50878659423563,50.0,-10.49121340576437,-20.98242681152874,yfinance,2026-08-25T14:41:00Z
2026-08-26,000660.KS,SK Hynix,8.0,0.0625538166478737,KRW,1688000.0,0.0007215267760242,1217.9371979289222,2026-08-26,76.18662016787087,80.0,-3.8133798321291295,-4.766724790161412,yfinance,2026-08-26T14:40:45Z
2026-08-26,AVGO,Broadcom,10.0,0.2417444256507892,USD,352.5400085449219,1.0,352.5400085449219,2026-08-26,85.22458188461647,100.0,-14.77541811538353,-14.775418115383532,yfinance,2026-08-26T14:40:45Z
2026-08-26,CASH,Cash,10.0,100.0,USD,1.0,1.0,1.0,2026-08-26,100.0,100.0,0.0,0.0,cash,2026-08-26T14:40:45Z
2026-08-26,CEG,Constellation Energy,5.0,0.1687260186663456,USD,283.0799865722656,1.0,283.0799865722656,2026-08-26,47.76295909846097,50.0,-2.237040901539032,-4.4740818030780645,yfinance,2026-08-26T14:40:45Z
2026-08-26,GOOGL,Alphabet,15.0,0.3891454452478011,USD,342.510009765625,1.0,342.510009765625,2026-08-26,133.28621025207286,150.0,-16.713789747927137,-11.142526498618093,yfinance,2026-08-26T14:40:45Z
2026-08-26,MCO,Moody's,2.0,0.0444681598313336,USD,513.8049926757812,1.0,513.8049926757812,2026-08-26,22.847962536443863,20.0,2.8479625364438625,14.239812682219313,yfinance,2026-08-26T14:40:45Z
2026-08-26,MSCI,MSCI,2.0,0.0339052007771873,USD,562.77001953125,1.0,562.77001953125,2026-08-26,19.08083050358867,20.0,-0.9191694964113316,-4.595847482056659,yfinance,2026-08-26T14:40:45Z
2026-08-26,MSFT,Microsoft,18.0,0.4293689203419845,USD,493.989990234375,1.0,493.989990234375,2026-08-26,212.10394876668104,180.0,32.10394876668104,17.83552709260058,yfinance,2026-08-26T14:40:45Z
2026-08-26,NVDA,NVIDIA,7.0,0.323166358553396,USD,210.69500732421875,1.0,210.69500732421875,2026-08-26,68.08953828234888,70.0,-1.910461717651117,-2.7292310252158813,yfinance,2026-08-26T14:40:45Z
2026-08-26,SPGI,S&P Global,2.0,0.047848035759865,USD,433.625,1.0,433.625,2026-08-26,20.748104506371465,20.0,0.7481045063714653,3.740522531857328,yfinance,2026-08-26T14:40:45Z
2026-08-26,TER,Teradyne,7.0,0.1958589848780872,USD,361.1300048828125,1.0,361.1300048828125,2026-08-26,70.73055616536634,70.0,0.7305561653663375,1.0436516648090537,yfinance,2026-08-26T14:40:45Z
2026-08-26,TSM,TSMC,7.0,0.1719669363096472,USD,416.6700134277344,1.0,416.6700134277344,2026-08-26,71.65346566126706,70.0,1.653465661267063,2.36209380181009,yfinance,2026-08-26T14:40:45Z
2026-08-26,VEEV,Veeva Systems,2.0,0.1251407776463619,USD,246.7899932861328,1.0,246.7899932861328,2026-08-26,30.88349167516711,20.0,10.883491675167113,54.41745837583556,yfinance,2026-08-26T14:40:45Z
2026-08-26,VRT,Vertiv,5.0,0.1522672617580549,USD,262.3399963378906,1.0,262.3399963378906,2026-08-26,39.94579289198876,50.0,-10.05420710801124,-20.10841421602248,yfinance,2026-08-26T14:40:45Z
2026-08-27,000660.KS,SK Hynix,8.0,0.0625538166478737,KRW,1729625.0,0.0007228097109908,1250.1897463724958,2026-08-27,78.20414016963684,80.0,-1.795859830363156,-2.244824787953945,yfinance,2026-08-27T23:33:48Z
2026-08-27,AVGO,Broadcom,10.0,0.2417444256507892,USD,371.5400085449219,1.0,371.5400085449219,2026-08-27,89.81772597198146,100.0,-10.18227402801854,-10.18227402801854,yfinance,2026-08-27T23:33:48Z
2026-08-27,CASH,Cash,10.0,100.0,USD,1.0,1.0,1.0,2026-08-27,100.0,100.0,0.0,0.0,cash,2026-08-27T23:33:48Z
2026-08-27,CEG,Constellation Energy,5.0,0.1687260186663456,USD,282.4100036621094,1.0,282.4100036621094,2026-08-27,47.64991554945581,50.0,-2.350084450544188,-4.700168901088375,yfinance,2026-08-27T23:33:48Z
2026-08-27,GOOGL,Alphabet,15.0,0.3891454452478011,USD,340.6499938964844,1.0,340.6499938964844,2026-08-27,132.56239354850817,150.0,-17.43760645149183,-11.62507096766122,yfinance,2026-08-27T23:33:48Z
2026-08-27,MCO,Moody's,2.0,0.0444681598313336,USD,509.0199890136719,1.0,509.0199890136719,2026-08-27,22.635182228803664,20.0,2.6351822288036644,13.17591114401832,yfinance,2026-08-27T23:33:48Z
2026-08-27,MSCI,MSCI,2.0,0.0339052007771873,USD,569.1500244140625,1.0,569.1500244140625,2026-08-27,19.29714585009986,20.0,-0.7028541499001406,-3.514270749500703,yfinance,2026-08-27T23:33:48Z
2026-08-27,MSFT,Microsoft,18.0,0.4293689203419845,USD,505.05999755859375,1.0,505.05999755859375,2026-08-27,216.85706585965872,180.0,36.85706585965872,20.4761476998104,yfinance,2026-08-27T23:33:48Z
2026-08-27,NVDA,NVIDIA,7.0,0.323166358553396,USD,227.97999572753903,1.0,227.97999572753903,2026-08-27,73.67546504228758,70.0,3.675465042287584,5.25066434612512,yfinance,2026-08-27T23:33:48Z
2026-08-27,SPGI,S&P Global,2.0,0.047848035759865,USD,435.3900146484375,1.0,435.3900146484375,2026-08-27,20.83255699038659,20.0,0.832556990386589,4.162784951932945,yfinance,2026-08-27T23:33:48Z
2026-08-27,TER,Teradyne,7.0,0.1958589848780872,USD,372.05999755859375,1.0,372.05999755859375,2026-08-27,72.87129343556978,70.0,2.8712934355697826,4.10184776509969,yfinance,2026-08-27T23:33:48Z
2026-08-27,TSM,TSMC,7.0,0.1719669363096472,USD,427.2999877929688,1.0,427.2999877929688,2026-08-27,73.4814697859065,70.0,3.481469785906498,4.973528265580711,yfinance,2026-08-27T23:33:48Z
2026-08-27,VEEV,Veeva Systems,2.0,0.1251407776463619,USD,282.1300048828125,1.0,282.1300048828125,2026-08-27,35.30596820840706,20.0,15.30596820840706,76.5298410420353,yfinance,2026-08-27T23:33:48Z
2026-08-27,VRT,Vertiv,5.0,0.1522672617580549,USD,269.2799987792969,1.0,269.2799987792969,2026-08-27,41.00252806033591,50.0,-8.997471939664095,-17.99494387932819,yfinance,2026-08-27T23:33:48Z
2026-08-28,000660.KS,SK Hynix,8.0,0.0625538166478737,KRW,1729625.0,0.0007269184964819,1257.296404477612,2026-08-27,78.6486887577234,80.0,-1.3513112422765945,-1.689139052845743,yfinance,2026-08-28T23:22:41Z
2026-08-28,AVGO,Broadcom,10.0,0.2417444256507892,USD,368.7900085449219,1.0,368.7900085449219,2026-08-28,89.15292880144179,100.0,-10.847071198558211,-10.847071198558211,yfinance,2026-08-28T23:22:41Z
2026-08-28,CASH,Cash,10.0,100.0,USD,1.0,1.0,1.0,2026-08-28,100.0,100.0,0.0,0.0,cash,2026-08-28T23:22:41Z
2026-08-28,CEG,Constellation Energy,5.0,0.1687260186663456,USD,276.75,1.0,276.75,2026-08-28,46.69492566591116,50.0,-3.305074334088843,-6.610148668177686,yfinance,2026-08-28T23:22:41Z
2026-08-28,GOOGL,Alphabet,15.0,0.3891454452478011,USD,346.5899963378906,1.0,346.5899963378906,2026-08-28,134.8739184433422,150.0,-15.126081556657796,-10.084054371105196,yfinance,2026-08-28T23:22:41Z
2026-08-28,MCO,Moody's,2.0,0.0444681598313336,USD,514.9500122070312,1.0,514.9500122070312,2026-08-28,22.898879447969485,20.0,2.8988794479694846,14.494397239847425,yfinance,2026-08-28T23:22:41Z
2026-08-28,MSCI,MSCI,2.0,0.0339052007771873,USD,570.760009765625,1.0,570.760009765625,2026-08-28,19.35173272669292,20.0,-0.6482672733070807,-3.241336366535404,yfinance,2026-08-28T23:22:41Z
2026-08-28,MSFT,Microsoft,18.0,0.4293689203419845,USD,513.530029296875,1.0,513.530029296875,2026-08-28,220.49383424238687,180.0,40.49383424238687,22.49657457910381,yfinance,2026-08-28T23:22:41Z
2026-08-28,NVDA,NVIDIA,7.0,0.323166358553396,USD,217.5500030517578,1.0,217.5500030517578,2026-08-28,70.30484228951677,70.0,0.3048422895167704,0.4354889850239577,yfinance,2026-08-28T23:22:41Z
2026-08-28,SPGI,S&P Global,2.0,0.047848035759865,USD,442.8900146484375,1.0,442.8900146484375,2026-08-28,21.19141725858557,20.0,1.1914172585855738,5.957086292927869,yfinance,2026-08-28T23:22:41Z
2026-08-28,TER,Teradyne,7.0,0.1958589848780872,USD,354.9700012207031,1.0,354.9700012207031,2026-08-28,69.5240641012603,70.0,-0.4759358987397064,-0.6799084267710092,yfinance,2026-08-28T23:22:41Z
2026-08-28,TSM,TSMC,7.0,0.1719669363096472,USD,417.5199890136719,1.0,417.5199890136719,2026-08-28,71.79963335871872,70.0,1.7996333587187223,2.5709047981696034,yfinance,2026-08-28T23:22:41Z
2026-08-28,VEEV,Veeva Systems,2.0,0.1251407776463619,USD,276.69000244140625,1.0,276.69000244140625,2026-08-28,34.62520207249137,20.0,14.62520207249137,73.12601036245685,yfinance,2026-08-28T23:22:41Z
2026-08-28,VRT,Vertiv,5.0,0.1522672617580549,USD,257.0799865722656,1.0,257.0799865722656,2026-08-28,39.144865608156415,50.0,-10.855134391843585,-21.71026878368717,yfinance,2026-08-28T23:22:41Z
2026-08-29,000660.KS,SK Hynix,8.0,0.0625538166478737,KRW,1653000.0,0.0007291286912139,1205.2497265767408,2026-08-28,75.39297041118137,80.0,-4.607029588818634,-5.758786986023292,yfinance,2026-08-29T17:29:54Z
2026-08-29,AVGO,Broadcom,10.0,0.2417444256507892,USD,368.7900085449219,1.0,368.7900085449219,2026-08-28,89.15292880144179,100.0,-10.847071198558211,-10.847071198558211,yfinance,2026-08-29T17:29:54Z
2026-08-29,CASH,Cash,10.0,100.0,USD,1.0,1.0,1.0,2026-08-29,100.0,100.0,0.0,0.0,cash,2026-08-29T17:29:54Z
2026-08-29,CEG,Constellation Energy,5.0,0.1687260186663456,USD,276.75,1.0,276.75,2026-08-28,46.69492566591116,50.0,-3.305074334088843,-6.610148668177686,yfinance,2026-08-29T17:29:54Z
2026-08-29,GOOGL,Alphabet,15.0,0.3891454452478011,USD,346.5899963378906,1.0,346.5899963378906,2026-08-28,134.8739184433422,150.0,-15.126081556657796,-10.084054371105196,yfinance,2026-08-29T17:29:54Z
2026-08-29,MCO,Moody's,2.0,0.0444681598313336,USD,514.9500122070312,1.0,514.9500122070312,2026-08-28,22.898879447969485,20.0,2.8988794479694846,14.494397239847425,yfinance,2026-08-29T17:29:54Z
2026-08-29,MSCI,MSCI,2.0,0.0339052007771873,USD,570.760009765625,1.0,570.760009765625,2026-08-28,19.35173272669292,20.0,-0.6482672733070807,-3.241336366535404,yfinance,2026-08-29T17:29:54Z
2026-08-29,MSFT,Microsoft,18.0,0.4293689203419845,USD,513.530029296875,1.0,513.530029296875,2026-08-28,220.49383424238687,180.0,40.49383424238687,22.49657457910381,yfinance,2026-08-29T17:29:54Z
2026-08-29,NVDA,NVIDIA,7.0,0.323166358553396,USD,217.5500030517578,1.0,217.5500030517578,2026-08-28,70.30484228951677,70.0,0.3048422895167704,0.4354889850239577,yfinance,2026-08-29T17:29:54Z
2026-08-29,SPGI,S&P Global,2.0,0.047848035759865,USD,442.8900146484375,1.0,442.8900146484375,2026-08-28,21.19141725858557,20.0,1.1914172585855738,5.957086292927869,yfinance,2026-08-29T17:29:54Z
2026-08-29,TER,Teradyne,7.0,0.1958589848780872,USD,354.9700012207031,1.0,354.9700012207031,2026-08-28,69.5240641012603,70.0,-0.4759358987397064,-0.6799084267710092,yfinance,2026-08-29T17:29:54Z
2026-08-29,TSM,TSMC,7.0,0.1719669363096472,USD,417.5199890136719,1.0,417.5199890136719,2026-08-28,71.79963335871872,70.0,1.7996333587187223,2.5709047981696034,yfinance,2026-08-29T17:29:54Z
2026-08-29,VEEV,Veeva Systems,2.0,0.1251407776463619,USD,276.69000244140625,1.0,276.69000244140625,2026-08-28,34.62520207249137,20.0,14.62520207249137,73.12601036245685,yfinance,2026-08-29T17:29:54Z
2026-08-29,VRT,Vertiv,5.0,0.1522672617580549,USD,257.0799865722656,1.0,257.0799865722656,2026-08-28,39.144865608156415,50.0,-10.855134391843585,-21.71026878368717,yfinance,2026-08-29T17:29:54Z
2026-08-30,000660.KS,SK Hynix,8.0,0.0625538166478737,KRW,1653000.0,0.0007269184964819,1201.5962746846817,2026-08-28,75.16443305139367,80.0,-4.835566948606328,-6.04445868575791,yfinance,2026-08-30T17:53:07Z
2026-08-30,AVGO,Broadcom,10.0,0.2417444256507892,USD,368.7900085449219,1.0,368.7900085449219,2026-08-28,89.15292880144179,100.0,-10.847071198558211,-10.847071198558211,yfinance,2026-08-30T17:53:07Z
2026-08-30,CASH,Cash,10.0,100.0,USD,1.0,1.0,1.0,2026-08-30,100.0,100.0,0.0,0.0,cash,2026-08-30T17:53:07Z
2026-08-30,CEG,Constellation Energy,5.0,0.1687260186663456,USD,276.75,1.0,276.75,2026-08-28,46.69492566591116,50.0,-3.305074334088843,-6.610148668177686,yfinance,2026-08-30T17:53:07Z
2026-08-30,GOOGL,Alphabet,15.0,0.3891454452478011,USD,346.5899963378906,1.0,346.5899963378906,2026-08-28,134.8739184433422,150.0,-15.126081556657796,-10.084054371105196,yfinance,2026-08-30T17:53:07Z
2026-08-30,MCO,Moody's,2.0,0.0444681598313336,USD,514.9500122070312,1.0,514.9500122070312,2026-08-28,22.898879447969485,20.0,2.8988794479694846,14.494397239847425,yfinance,2026-08-30T17:53:07Z
2026-08-30,MSCI,MSCI,2.0,0.0339052007771873,USD,570.760009765625,1.0,570.760009765625,2026-08-28,19.35173272669292,20.0,-0.6482672733070807,-3.241336366535404,yfinance,2026-08-30T17:53:07Z
2026-08-30,MSFT,Microsoft,18.0,0.4293689203419845,USD,513.530029296875,1.0,513.530029296875,2026-08-28,220.49383424238687,180.0,40.49383424238687,22.49657457910381,yfinance,2026-08-30T17:53:07Z
2026-08-30,NVDA,NVIDIA,7.0,0.323166358553396,USD,217.5500030517578,1.0,217.5500030517578,2026-08-28,70.30484228951677,70.0,0.3048422895167704,0.4354889850239577,yfinance,2026-08-30T17:53:07Z
2026-08-30,SPGI,S&P Global,2.0,0.047848035759865,USD,442.8900146484375,1.0,442.8900146484375,2026-08-28,21.19141725858557,20.0,1.1914172585855738,5.957086292927869,yfinance,2026-08-30T17:53:07Z
2026-08-30,TER,Teradyne,7.0,0.1958589848780872,USD,354.9700012207031,1.0,354.9700012207031,2026-08-28,69.5240641012603,70.0,-0.4759358987397064,-0.6799084267710092,yfinance,2026-08-30T17:53:07Z
2026-08-30,TSM,TSMC,7.0,0.1719669363096472,USD,417.5199890136719,1.0,417.5199890136719,2026-08-28,71.79963335871872,70.0,1.7996333587187223,2.5709047981696034,yfinance,2026-08-30T17:53:07Z
2026-08-30,VEEV,Veeva Systems,2.0,0.1251407776463619,USD,276.69000244140625,1.0,276.69000244140625,2026-08-28,34.62520207249137,20.0,14.62520207249137,73.12601036245685,yfinance,2026-08-30T17:53:07Z
2026-08-30,VRT,Vertiv,5.0,0.1522672617580549,USD,257.0799865722656,1.0,257.0799865722656,2026-08-28,39.144865608156415,50.0,-10.855134391843585,-21.71026878368717,yfinance,2026-08-30T17:53:07Z
2026-08-31,000660.KS,SK Hynix,8.0,0.0625538166478737,KRW,1653000.0,0.0007309941520467,1208.3333333333333,2026-08-28,75.5858617828474,80.0,-4.414138217152598,-5.517672771440747,yfinance,2026-08-31T19:49:22Z
2026-08-31,AVGO,Broadcom,10.0,0.2417444256507892,USD,369.5150146484375,1.0,369.5150146484375,2026-08-31,89.32819498552949,100.0,-10.671805014470507,-10.671805014470507,yfinance,2026-08-31T19:49:22Z
2026-08-31,CASH,Cash,10.0,100.0,USD,1.0,1.0,1.0,2026-08-31,100.0,100.0,0.0,0.0,cash,2026-08-31T19:49:22Z
2026-08-31,CEG,Constellation Energy,5.0,0.1687260186663456,USD,274.7900085449219,1.0,274.7900085449219,2026-08-31,46.36422411107577,50.0,-3.635775888924229,-7.271551777848457,yfinance,2026-08-31T19:49:22Z
2026-08-31,GOOGL,Alphabet,15.0,0.3891454452478011,USD,338.8999938964844,1.0,338.8999938964844,2026-08-31,131.8813890193245,150.0,-18.1186109806755,-12.079073987117,yfinance,2026-08-31T19:49:22Z
2026-08-31,MCO,Moody's,2.0,0.0444681598313336,USD,505.8599853515625,1.0,505.8599853515625,2026-08-31,22.494662680889387,20.0,2.4946626808893875,12.473313404446936,yfinance,2026-08-31T19:49:22Z
2026-08-31,MSCI,MSCI,2.0,0.0339052007771873,USD,571.85498046875,1.0,571.85498046875,2026-08-31,19.38885792822751,20.0,-0.6111420717724911,-3.055710358862456,yfinance,2026-08-31T19:49:22Z
2026-08-31,MSFT,Microsoft,18.0,0.4293689203419845,USD,509.8999938964844,1.0,509.8999938964844,2026-08-31,218.935209861718,180.0,38.935209861717965,21.63067214539887,yfinance,2026-08-31T19:49:22Z
2026-08-31,NVDA,NVIDIA,7.0,0.323166358553396,USD,219.4949951171875,1.0,219.4949951171875,2026-08-31,70.93339829271693,70.0,0.9333982927169302,1.3334261324527574,yfinance,2026-08-31T19:49:22Z
2026-08-31,SPGI,S&P Global,2.0,0.047848035759865,USD,437.510009765625,1.0,437.510009765625,2026-08-31,20.93399459256452,20.0,0.9339945925645132,4.669972962822566,yfinance,2026-08-31T19:49:22Z
2026-08-31,TER,Teradyne,7.0,0.1958589848780872,USD,350.0150146484375,1.0,350.0150146484375,2026-08-31,68.5535854611318,70.0,-1.446414538868197,-2.0663064840974243,yfinance,2026-08-31T19:49:22Z
2026-08-31,TSM,TSMC,7.0,0.1719669363096472,USD,414.9750061035156,1.0,414.9750061035156,2026-08-31,71.36198044469874,70.0,1.3619804446987445,1.945686349569635,yfinance,2026-08-31T19:49:22Z
2026-08-31,VEEV,Veeva Systems,2.0,0.1251407776463619,USD,285.989990234375,1.0,285.989990234375,2026-08-31,35.789009777005155,20.0,15.789009777005155,78.94504888502578,yfinance,2026-08-31T19:49:22Z
2026-08-31,VRT,Vertiv,5.0,0.1522672617580549,USD,257.17498779296875,1.0,257.17498779296875,2026-08-31,39.15933118389655,50.0,-10.840668816103452,-21.681337632206905,yfinance,2026-08-31T19:49:22Z
2026-09-01,000660.KS,SK Hynix,8.0,0.0625538166478737,KRW,1674000.0,0.000728135901873,1218.8994997354373,2026-08-31,76.24681581863554,80.0,-3.753184181364461,-4.691480226705576,yfinance,2026-09-01T17:34:28Z
2026-09-01,AVGO,Broadcom,10.0,0.2417444256507892,USD,369.4450073242188,1.0,369.4450073242188,2026-09-01,89.31127110514488,100.0,-10.688728894855116,-10.688728894855116,yfinance,2026-09-01T17:34:28Z
2026-09-01,CASH,Cash,10.0,100.0,USD,1.0,1.0,1.0,2026-09-01,100.0,100.0,0.0,0.0,cash,2026-09-01T17:34:28Z
2026-09-01,CEG,Constellation Energy,5.0,0.1687260186663456,USD,279.25,1.0,279.25,2026-09-01,47.11674071257702,50.0,-2.8832592874229803,-5.766518574845961,yfinance,2026-09-01T17:34:28Z
2026-09-01,GOOGL,Alphabet,15.0,0.3891454452478011,USD,335.3099975585937,1.0,335.3099975585937,2026-09-01,130.48435829597807,150.0,-19.51564170402193,-13.010427802681289,yfinance,2026-09-01T17:34:28Z
2026-09-01,MCO,Moody's,2.0,0.0444681598313336,USD,501.8399963378906,1.0,501.8399963378906,2026-09-01,22.31590116690922,20.0,2.315901166909221,11.579505834546104,yfinance,2026-09-01T17:34:28Z
2026-09-01,MSCI,MSCI,2.0,0.0339052007771873,USD,567.739990234375,1.0,567.739990234375,2026-09-01,19.24933835813486,20.0,-0.7506616418651397,-3.753308209325698,yfinance,2026-09-01T17:34:28Z
2026-09-01,MSFT,Microsoft,18.0,0.4293689203419845,USD,501.4500122070313,1.0,501.4500122070313,2026-09-01,215.307050346808,180.0,35.307050346807955,19.615027970448864,yfinance,2026-09-01T17:34:28Z
2026-09-01,NVDA,NVIDIA,7.0,0.323166358553396,USD,218.47000122070312,1.0,218.47000122070312,2026-09-01,70.60215474765062,70.0,0.6021547476506157,0.8602210680723081,yfinance,2026-09-01T17:34:28Z
2026-09-01,SPGI,S&P Global,2.0,0.047848035759865,USD,446.18499755859375,1.0,446.18499755859375,2026-09-01,21.34907571869888,20.0,1.3490757186988738,6.74537859349437,yfinance,2026-09-01T17:34:28Z
2026-09-01,TER,Teradyne,7.0,0.1958589848780872,USD,332.510009765625,1.0,332.510009765625,2026-09-01,65.12507297449818,70.0,-4.874927025501819,-6.964181465002599,yfinance,2026-09-01T17:34:28Z
2026-09-01,TSM,TSMC,7.0,0.1719669363096472,USD,413.8949890136719,1.0,413.8949890136719,2026-09-01,71.17625321459626,70.0,1.176253214596258,1.6803617351375115,yfinance,2026-09-01T17:34:28Z
2026-09-01,VEEV,Veeva Systems,2.0,0.1251407776463619,USD,279.5450134277344,1.0,279.5450134277344,2026-09-01,34.98248036750938,20.0,14.982480367509382,74.91240183754691,yfinance,2026-09-01T17:34:28Z
2026-09-01,VRT,Vertiv,5.0,0.1522672617580549,USD,255.0850067138672,1.0,255.0850067138672,2026-09-01,38.84109548785561,50.0,-11.158904512144389,-22.317809024288778,yfinance,2026-09-01T17:34:28Z
2026-09-02,000660.KS,SK Hynix,8.0,0.0625538166478737,KRW,1693000.0,0.0007362902565484,1246.5394043365086,2026-09-01,77.97579734321567,80.0,-2.024202656784325,-2.530253320980407,yfinance,2026-09-02T17:34:44Z
2026-09-02,AVGO,Broadcom,10.0,0.2417444256507892,USD,368.67138671875,1.0,368.67138671875,2026-09-02,89.12425263620423,100.0,-10.875747363795767,-10.875747363795767,yfinance,2026-09-02T17:34:44Z
2026-09-02,CASH,Cash,10.0,100.0,USD,1.0,1.0,1.0,2026-09-02,100.0,100.0,0.0,0.0,cash,2026-09-02T17:34:44Z
2026-09-02,CEG,Constellation Energy,5.0,0.1687260186663456,USD,283.29998779296875,1.0,283.29998779296875,2026-09-02,47.80007902853194,50.0,-2.1999209714680603,-4.399841942936121,yfinance,2026-09-02T17:34:44Z
2026-09-02,GOOGL,Alphabet,15.0,0.3891454452478011,USD,337.7099914550781,1.0,337.7099914550781,2026-09-02,131.4183049894175,150.0,-18.581695010582507,-12.38779667372167,yfinance,2026-09-02T17:34:44Z
2026-09-02,MCO,Moody's,2.0,0.0444681598313336,USD,486.8150024414063,1.0,486.8150024414063,2026-09-02,21.64776733685554,20.0,1.6477673368555408,8.238836684277704,yfinance,2026-09-02T17:34:44Z
2026-09-02,MSCI,MSCI,2.0,0.0339052007771873,USD,558.9299926757812,1.0,558.9299926757812,2026-09-02,18.95063362206421,20.0,-1.0493663779357902,-5.246831889678951,yfinance,2026-09-02T17:34:44Z
2026-09-02,MSFT,Microsoft,18.0,0.4293689203419845,USD,496.7000122070313,1.0,496.7000122070313,2026-09-02,213.2675479751836,180.0,33.26754797518353,18.481971097324184,yfinance,2026-09-02T17:34:44Z
2026-09-02,NVDA,NVIDIA,7.0,0.323166358553396,USD,225.1999969482422,1.0,225.1999969482422,2026-09-02,72.77706295999933,70.0,2.777062959999327,3.967232799999039,yfinance,2026-09-02T17:34:44Z
2026-09-02,SPGI,S&P Global,2.0,0.047848035759865,USD,433.4400024414063,1.0,433.4400024414063,2026-09-02,20.739252736572386,20.0,0.7392527365723822,3.696263682861911,yfinance,2026-09-02T17:34:44Z
2026-09-02,TER,Teradyne,7.0,0.1958589848780872,USD,343.5,1.0,343.5,2026-09-02,67.27756130562297,70.0,-2.7224386943770327,-3.889198134824332,yfinance,2026-09-02T17:34:44Z
2026-09-02,TSM,TSMC,7.0,0.1719669363096472,USD,412.7250061035156,1.0,412.7250061035156,2026-09-02,70.97505483800204,70.0,0.9750548380020376,1.3929354828600538,yfinance,2026-09-02T17:34:44Z
2026-09-02,VEEV,Veeva Systems,2.0,0.1251407776463619,USD,279.2900085449219,1.0,279.2900085449219,2026-09-02,34.950568858170605,20.0,14.950568858170604,74.75284429085303,yfinance,2026-09-02T17:34:44Z
2026-09-02,VRT,Vertiv,5.0,0.1522672617580549,USD,256.82000732421875,1.0,256.82000732421875,2026-09-02,39.1052792799424,50.0,-10.894720720057606,-21.78944144011521,yfinance,2026-09-02T17:34:44Z
2026-09-03,000660.KS,SK Hynix,8.0,0.0625538166478737,KRW,1613000.0,0.000737746048934,1189.9843769305944,2026-09-02,74.43806452835064,80.0,-5.561935471649363,-6.952419339561704,yfinance,2026-09-03T17:30:31Z
2026-09-03,AVGO,Broadcom,10.0,0.2417444256507892,USD,354.5400085449219,1.0,354.5400085449219,2026-09-03,85.70807073591804,100.0,-14.291929264081958,-14.291929264081956,yfinance,2026-09-03T17:30:31Z
2026-09-03,CASH,Cash,10.0,100.0,USD,1.0,1.0,1.0,2026-09-03,100.0,100.0,0.0,0.0,cash,2026-09-03T17:30:31Z
2026-09-03,CEG,Constellation Energy,5.0,0.1687260186663456,USD,283.57501220703125,1.0,283.57501220703125,2026-09-03,47.84648280295275,50.0,-2.1535171970472504,-4.307034394094501,yfinance,2026-09-03T17:30:31Z
2026-09-03,GOOGL,Alphabet,15.0,0.3891454452478011,USD,342.3999938964844,1.0,342.3999938964844,2026-09-03,133.2433980776918,150.0,-16.756601922308192,-11.171067948205462,yfinance,2026-09-03T17:30:31Z
2026-09-03,MCO,Moody's,2.0,0.0444681598313336,USD,500.7300109863281,1.0,500.7300109863281,2026-09-03,22.2665421608855,20.0,2.2665421608855,11.3327108044275,yfinance,2026-09-03T17:30:31Z
2026-09-03,MSCI,MSCI,2.0,0.0339052007771873,USD,571.4500122070312,1.0,571.4500122070312,2026-09-03,19.375127398005542,20.0,-0.6248726019944542,-3.124363009972271,yfinance,2026-09-03T17:30:31Z
2026-09-03,MSFT,Microsoft,18.0,0.4293689203419845,USD,510.0549926757813,1.0,510.0549926757813,2026-09-03,219.001761520239,180.0,39.001761520239,21.667645289021667,yfinance,2026-09-03T17:30:31Z
2026-09-03,NVDA,NVIDIA,7.0,0.323166358553396,USD,227.5050048828125,1.0,227.5050048828125,2026-09-03,73.5219639806511,70.0,3.521963980651094,5.031377115215848,yfinance,2026-09-03T17:30:31Z
2026-09-03,SPGI,S&P Global,2.0,0.047848035759865,USD,447.7850036621094,1.0,447.7850036621094,2026-09-03,21.42563286795589,20.0,1.425632867955894,7.12816433977947,yfinance,2026-09-03T17:30:31Z
2026-09-03,TER,Teradyne,7.0,0.1958589848780872,USD,338.4750061035156,1.0,338.4750061035156,2026-09-03,66.29337110203895,70.0,-3.706628897961053,-5.295184139944362,yfinance,2026-09-03T17:30:31Z
2026-09-03,TSM,TSMC,7.0,0.1719669363096472,USD,415.1600036621094,1.0,415.1600036621094,2026-09-03,71.39379390807488,70.0,1.3937939080748831,1.9911341543926904,yfinance,2026-09-03T17:30:31Z
2026-09-03,VEEV,Veeva Systems,2.0,0.1251407776463619,USD,281.6300964355469,1.0,281.6300964355469,2026-09-03,35.24340927656425,20.0,15.24340927656425,76.21704638282125,yfinance,2026-09-03T17:30:31Z
2026-09-03,VRT,Vertiv,5.0,0.1522672617580549,USD,269.114990234375,1.0,269.114990234375,2026-09-03,40.97740266103397,50.0,-9.02259733896603,-18.04519467793206,yfinance,2026-09-03T17:30:31Z
2026-09-04,000660.KS,SK Hynix,8.0,0.0625538166478737,KRW,1596000.0,0.0007432402516855,1186.2114416901168,2026-09-03,74.2020530290935,80.0,-5.797946970906494,-7.247433713633118,yfinance,2026-09-04T17:21:12Z
2026-09-04,AVGO,Broadcom,10.0,0.2417444256507892,USD,355.19000244140625,1.0,355.19000244140625,2026-09-04,85.86520313710018,100.0,-14.13479686289982,-14.134796862899815,yfinance,2026-09-04T17:21:12Z
2026-09-04,CASH,Cash,10.0,100.0,USD,1.0,1.0,1.0,2026-09-04,100.0,100.0,0.0,0.0,cash,2026-09-04T17:21:12Z
2026-09-04,CEG,Constellation Energy,5.0,0.1687260186663456,USD,294.67999267578125,1.0,294.67999267578125,2026-09-04,49.72018194481247,50.0,-0.2798180551875333,-0.5596361103750667,yfinance,2026-09-04T17:21:12Z
2026-09-04,GOOGL,Alphabet,15.0,0.3891454452478011,USD,338.7799987792969,1.0,338.7799987792969,2026-09-04,131.83469346601902,150.0,-18.16530653398098,-12.11020435598732,yfinance,2026-09-04T17:21:12Z
2026-09-04,MCO,Moody's,2.0,0.0444681598313336,USD,495.114990234375,1.0,495.114990234375,2026-09-04,22.016852520631392,20.0,2.0168525206313923,10.084262603156962,yfinance,2026-09-04T17:21:12Z
2026-09-04,MSCI,MSCI,2.0,0.0339052007771873,USD,568.469970703125,1.0,568.469970703125,2026-09-04,19.27408849249125,20.0,-0.7259115075087479,-3.629557537543739,yfinance,2026-09-04T17:21:12Z
2026-09-04,MSFT,Microsoft,18.0,0.4293689203419845,USD,500.8450012207031,1.0,500.8450012207031,2026-09-04,215.0472774328132,180.0,35.04727743281319,19.470709684896217,yfinance,2026-09-04T17:21:12Z
2026-09-04,NVDA,NVIDIA,7.0,0.323166358553396,USD,230.6600036621093,1.0,230.6600036621093,2026-09-04,74.54155344739688,70.0,4.541553447396879,6.487933496281256,yfinance,2026-09-04T17:21:12Z
2026-09-04,SPGI,S&P Global,2.0,0.047848035759865,USD,442.9700012207031,1.0,442.9700012207031,2026-09-04,21.19524445895565,20.0,1.1952444589556492,5.976222294778246,yfinance,2026-09-04T17:21:12Z
2026-09-04,TER,Teradyne,7.0,0.1958589848780872,USD,356.739990234375,1.0,356.739990234375,2026-09-04,69.87073235272344,70.0,-0.1292676472765634,-0.1846680675379478,yfinance,2026-09-04T17:21:12Z
2026-09-04,TSM,TSMC,7.0,0.1719669363096472,USD,428.0299987792969,1.0,428.0299987792969,2026-09-04,73.60700753869773,70.0,3.6070075386977294,5.152867912425328,yfinance,2026-09-04T17:21:12Z
2026-09-04,VEEV,Veeva Systems,2.0,0.1251407776463619,USD,275.4599914550781,1.0,275.4599914550781,2026-09-04,34.4712775411487,20.0,14.471277541148702,72.35638770574351,yfinance,2026-09-04T17:21:12Z
2026-09-04,VRT,Vertiv,5.0,0.1522672617580549,USD,276.0299987792969,1.0,276.0299987792969,2026-09-04,42.03033207720277,50.0,-7.969667922797228,-15.939335845594456,yfinance,2026-09-04T17:21:12Z
2026-09-05,000660.KS,SK Hynix,8.0,0.0625538166478737,KRW,1647000.0,0.0007401376789799,1219.0067572799253,2026-09-04,76.25352518740753,80.0,-3.746474812592467,-4.683093515740584,yfinance,2026-09-05T16:30:54Z
2026-09-05,AVGO,Broadcom,10.0,0.2417444256507892,USD,357.8999938964844,1.0,357.8999938964844,2026-09-04,86.52032846492659,100.0,-13.479671535073408,-13.479671535073406,yfinance,2026-09-05T16:30:54Z
2026-09-05,CASH,Cash,10.0,100.0,USD,1.0,1.0,1.0,2026-09-05,100.0,100.0,0.0,0.0,cash,2026-09-05T16:30:54Z
2026-09-05,CEG,Constellation Energy,5.0,0.1687260186663456,USD,298.9599914550781,1.0,298.9599914550781,2026-09-04,50.442329098740046,50.0,0.4423290987400463,0.8846581974800927,yfinance,2026-09-05T16:30:54Z
2026-09-05,GOOGL,Alphabet,15.0,0.3891454452478011,USD,338.4599914550781,1.0,338.4599914550781,2026-09-04,131.71016407335335,150.0,-18.28983592664665,-12.193223951097764,yfinance,2026-09-05T16:30:54Z
2026-09-05,MCO,Moody's,2.0,0.0444681598313336,USD,493.5499877929688,1.0,493.5499877929688,2026-09-04,21.947259741930512,20.0,1.9472597419305124,9.736298709652562,yfinance,2026-09-05T16:30:54Z
2026-09-05,MSCI,MSCI,2.0,0.0339052007771873,USD,573.010009765625,1.0,573.010009765625,2026-09-04,19.42801942844159,20.0,-0.5719805715584094,-2.859902857792047,yfinance,2026-09-05T16:30:54Z
2026-09-05,MSFT,Microsoft,18.0,0.4293689203419845,USD,499.7000122070313,1.0,499.7000122070313,2026-09-04,214.55565473620948,180.0,34.55565473620948,19.19758596456082,yfinance,2026-09-05T16:30:54Z
2026-09-05,NVDA,NVIDIA,7.0,0.323166358553396,USD,230.3600006103516,1.0,230.3600006103516,2026-09-04,74.4446025536054,70.0,4.444602553605407,6.349432219436295,yfinance,2026-09-05T16:30:54Z
2026-09-05,SPGI,S&P Global,2.0,0.047848035759865,USD,443.510009765625,1.0,443.510009765625,2026-09-04,21.221082807123704,20.0,1.221082807123704,6.105414035618519,yfinance,2026-09-05T16:30:54Z
2026-09-05,TER,Teradyne,7.0,0.1958589848780872,USD,357.0299987792969,1.0,357.0299987792969,2026-09-04,69.9275331319378,70.0,-0.0724668680621931,-0.1035240972317045,yfinance,2026-09-05T16:30:54Z
2026-09-05,TSM,TSMC,7.0,0.1719669363096472,USD,428.9100036621094,1.0,428.9100036621094,2026-09-04,73.75833928233253,70.0,3.758339282332528,5.369056117617898,yfinance,2026-09-05T16:30:54Z
2026-09-05,VEEV,Veeva Systems,2.0,0.1251407776463619,USD,275.0899963378906,1.0,275.0899963378906,2026-09-04,34.4249760644585,20.0,14.424976064458498,72.1248803222925,yfinance,2026-09-05T16:30:54Z
2026-09-05,VRT,Vertiv,5.0,0.1522672617580549,USD,280.5299987792969,1.0,280.5299987792969,2026-09-04,42.71553475511402,50.0,-7.284465244885979,-14.568930489771958,yfinance,2026-09-05T16:30:54Z
2026-09-06,000660.KS,SK Hynix,8.0,0.0625538166478737,KRW,1647000.0,0.0007401376789799,1219.0067572799253,2026-09-04,76.25352518740753,80.0,-3.746474812592467,-4.683093515740584,yfinance,2026-09-06T16:41:26Z
2026-09-06,AVGO,Broadcom,10.0,0.2417444256507892,USD,357.8999938964844,1.0,357.8999938964844,2026-09-04,86.52032846492659,100.0,-13.479671535073408,-13.479671535073406,yfinance,2026-09-06T16:41:26Z
2026-09-06,CASH,Cash,10.0,100.0,USD,1.0,1.0,1.0,2026-09-06,100.0,100.0,0.0,0.0,cash,2026-09-06T16:41:26Z
2026-09-06,CEG,Constellation Energy,5.0,0.1687260186663456,USD,298.9599914550781,1.0,298.9599914550781,2026-09-04,50.442329098740046,50.0,0.4423290987400463,0.8846581974800927,yfinance,2026-09-06T16:41:26Z
2026-09-06,GOOGL,Alphabet,15.0,0.3891454452478011,USD,338.4599914550781,1.0,338.4599914550781,2026-09-04,131.71016407335335,150.0,-18.28983592664665,-12.193223951097764,yfinance,2026-09-06T16:41:26Z
2026-09-06,MCO,Moody's,2.0,0.0444681598313336,USD,493.5499877929688,1.0,493.5499877929688,2026-09-04,21.947259741930512,20.0,1.9472597419305124,9.736298709652562,yfinance,2026-09-06T16:41:26Z
2026-09-06,MSCI,MSCI,2.0,0.0339052007771873,USD,573.010009765625,1.0,573.010009765625,2026-09-04,19.42801942844159,20.0,-0.5719805715584094,-2.859902857792047,yfinance,2026-09-06T16:41:26Z
2026-09-06,MSFT,Microsoft,18.0,0.4293689203419845,USD,499.7000122070313,1.0,499.7000122070313,2026-09-04,214.55565473620948,180.0,34.55565473620948,19.19758596456082,yfinance,2026-09-06T16:41:26Z
2026-09-06,NVDA,NVIDIA,7.0,0.323166358553396,USD,230.3600006103516,1.0,230.3600006103516,2026-09-04,74.4446025536054,70.0,4.444602553605407,6.349432219436295,yfinance,2026-09-06T16:41:26Z
2026-09-06,SPGI,S&P Global,2.0,0.047848035759865,USD,443.510009765625,1.0,443.510009765625,2026-09-04,21.221082807123704,20.0,1.221082807123704,6.105414035618519,yfinance,2026-09-06T16:41:26Z
2026-09-06,TER,Teradyne,7.0,0.1958589848780872,USD,357.0299987792969,1.0,357.0299987792969,2026-09-04,69.9275331319378,70.0,-0.0724668680621931,-0.1035240972317045,yfinance,2026-09-06T16:41:26Z
2026-09-06,TSM,TSMC,7.0,0.1719669363096472,USD,428.9100036621094,1.0,428.9100036621094,2026-09-04,73.75833928233253,70.0,3.758339282332528,5.369056117617898,yfinance,2026-09-06T16:41:26Z
2026-09-06,VEEV,Veeva Systems,2.0,0.1251407776463619,USD,275.0899963378906,1.0,275.0899963378906,2026-09-04,34.4249760644585,20.0,14.424976064458498,72.1248803222925,yfinance,2026-09-06T16:41:26Z
2026-09-06,VRT,Vertiv,5.0,0.1522672617580549,USD,280.5299987792969,1.0,280.5299987792969,2026-09-04,42.71553475511402,50.0,-7.284465244885979,-14.568930489771958,yfinance,2026-09-06T16:41:26Z
2026-09-07,000660.KS,SK Hynix,8.0,0.0625538166478737,KRW,1783000.0,0.0007435276247015,1325.7097548428228,2026-09-07,82.92820493273554,80.0,2.9282049327355395,3.660256165919425,yfinance,2026-09-07T18:34:58Z
2026-09-07,AVGO,Broadcom,10.0,0.2417444256507892,USD,357.8999938964844,1.0,357.8999938964844,2026-09-04,86.52032846492659,100.0,-13.479671535073408,-13.479671535073406,yfinance,2026-09-07T18:34:58Z
2026-09-07,CASH,Cash,10.0,100.0,USD,1.0,1.0,1.0,2026-09-07,100.0,100.0,0.0,0.0,cash,2026-09-07T18:34:58Z
2026-09-07,CEG,Constellation Energy,5.0,0.1687260186663456,USD,298.9599914550781,1.0,298.9599914550781,2026-09-04,50.442329098740046,50.0,0.4423290987400463,0.8846581974800927,yfinance,2026-09-07T18:34:58Z
2026-09-07,GOOGL,Alphabet,15.0,0.3891454452478011,USD,338.4599914550781,1.0,338.4599914550781,2026-09-04,131.71016407335335,150.0,-18.28983592664665,-12.193223951097764,yfinance,2026-09-07T18:34:58Z
2026-09-07,MCO,Moody's,2.0,0.0444681598313336,USD,493.5499877929688,1.0,493.5499877929688,2026-09-04,21.947259741930512,20.0,1.9472597419305124,9.736298709652562,yfinance,2026-09-07T18:34:58Z
2026-09-07,MSCI,MSCI,2.0,0.0339052007771873,USD,573.010009765625,1.0,573.010009765625,2026-09-04,19.42801942844159,20.0,-0.5719805715584094,-2.859902857792047,yfinance,2026-09-07T18:34:58Z
2026-09-07,MSFT,Microsoft,18.0,0.4293689203419845,USD,499.7000122070313,1.0,499.7000122070313,2026-09-04,214.55565473620948,180.0,34.55565473620948,19.19758596456082,yfinance,2026-09-07T18:34:58Z
2026-09-07,NVDA,NVIDIA,7.0,0.323166358553396,USD,230.3600006103516,1.0,230.3600006103516,2026-09-04,74.4446025536054,70.0,4.444602553605407,6.349432219436295,yfinance,2026-09-07T18:34:58Z
2026-09-07,SPGI,S&P Global,2.0,0.047848035759865,USD,443.510009765625,1.0,443.510009765625,2026-09-04,21.221082807123704,20.0,1.221082807123704,6.105414035618519,yfinance,2026-09-07T18:34:58Z
2026-09-07,TER,Teradyne,7.0,0.1958589848780872,USD,357.0299987792969,1.0,357.0299987792969,2026-09-04,69.9275331319378,70.0,-0.0724668680621931,-0.1035240972317045,yfinance,2026-09-07T18:34:58Z
2026-09-07,TSM,TSMC,7.0,0.1719669363096472,USD,428.9100036621094,1.0,428.9100036621094,2026-09-04,73.75833928233253,70.0,3.758339282332528,5.369056117617898,yfinance,2026-09-07T18:34:58Z
2026-09-07,VEEV,Veeva Systems,2.0,0.1251407776463619,USD,275.0899963378906,1.0,275.0899963378906,2026-09-04,34.4249760644585,20.0,14.424976064458498,72.1248803222925,yfinance,2026-09-07T18:34:58Z
2026-09-07,VRT,Vertiv,5.0,0.1522672617580549,USD,280.5299987792969,1.0,280.5299987792969,2026-09-04,42.71553475511402,50.0,-7.284465244885979,-14.568930489771958,yfinance,2026-09-07T18:34:58Z
2026-09-08,000660.KS,SK Hynix,8.0,0.0625538166478737,KRW,1783000.0,0.0007455120257951,1329.2479419927577,2026-09-07,83.14953204297844,80.0,3.149532042978436,3.9369150537230446,yfinance,2026-09-08T17:44:42Z
2026-09-08,AVGO,Broadcom,10.0,0.2417444256507892,USD,367.0549926757813,1.0,367.0549926757813,2026-09-08,88.7334983866614,100.0,-11.266501613338605,-11.266501613338605,yfinance,2026-09-08T17:44:42Z
2026-09-08,CASH,Cash,10.0,100.0,USD,1.0,1.0,1.0,2026-09-08,100.0,100.0,0.0,0.0,cash,2026-09-08T17:44:42Z
2026-09-08,CEG,Constellation Energy,5.0,0.1687260186663456,USD,300.6400146484375,1.0,300.6400146484375,2026-09-08,50.72579272342269,50.0,0.7257927234226926,1.4515854468453853,yfinance,2026-09-08T17:44:42Z
2026-09-08,GOOGL,Alphabet,15.0,0.3891454452478011,USD,338.8800048828125,1.0,338.8800048828125,2026-09-08,131.8736103856991,150.0,-18.126389614300905,-12.084259742867271,yfinance,2026-09-08T17:44:42Z
2026-09-08,MCO,Moody's,2.0,0.0444681598313336,USD,481.3699951171875,1.0,481.3699951171875,2026-09-08,21.4056378808794,20.0,1.4056378808793966,7.028189404396983,yfinance,2026-09-08T17:44:42Z
2026-09-08,MSCI,MSCI,2.0,0.0339052007771873,USD,553.026611328125,1.0,553.026611328125,2026-09-08,18.75047829220762,20.0,-1.249521707792379,-6.247608538961895,yfinance,2026-09-08T17:44:42Z
2026-09-08,MSFT,Microsoft,18.0,0.4293689203419845,USD,492.2850036621094,1.0,492.2850036621094,2026-09-08,211.37188052294977,180.0,31.37188052294977,17.42882251274987,yfinance,2026-09-08T17:44:42Z
2026-09-08,NVDA,NVIDIA,7.0,0.323166358553396,USD,225.9600067138672,1.0,225.9600067138672,2026-09-08,73.02267254842138,70.0,3.022672548421383,4.318103640601976,yfinance,2026-09-08T17:44:42Z
2026-09-08,SPGI,S&P Global,2.0,0.047848035759865,USD,430.364990234375,1.0,430.364990234375,2026-09-08,20.59211944252833,20.0,0.5921194425283289,2.9605972126416447,yfinance,2026-09-08T17:44:42Z
2026-09-08,TER,Teradyne,7.0,0.1958589848780872,USD,373.1094970703125,1.0,373.1094970703125,2026-09-08,73.07684734456507,70.0,3.076847344565067,4.395496206521524,yfinance,2026-09-08T17:44:42Z
2026-09-08,TSM,TSMC,7.0,0.1719669363096472,USD,440.4750061035156,1.0,440.4750061035156,2026-09-08,75.74713732059475,70.0,5.747137320594746,8.21019617227821,yfinance,2026-09-08T17:44:42Z
2026-09-08,VEEV,Veeva Systems,2.0,0.1251407776463619,USD,265.1600036621094,1.0,265.1600036621094,2026-09-08,33.18232905898856,20.0,13.182329058988556,65.91164529494279,yfinance,2026-09-08T17:44:42Z
2026-09-08,VRT,Vertiv,5.0,0.1522672617580549,USD,292.67498779296875,1.0,292.67498779296875,2026-09-08,44.5648189763075,50.0,-5.4351810236925004,-10.870362047385,yfinance,2026-09-08T17:44:42Z
2026-09-09,000660.KS,SK Hynix,8.0,0.0625538166478737,KRW,1793000.0,0.0007465639557974,1338.5891727448018,2026-09-08,83.73386167870729,80.0,3.733861678707285,4.667327098384106,yfinance,2026-09-09T17:31:14Z
2026-09-09,AVGO,Broadcom,10.0,0.2417444256507892,USD,364.1300048828125,1.0,364.1300048828125,2026-09-09,88.0263988926146,100.0,-11.973601107385406,-11.973601107385406,yfinance,2026-09-09T17:31:14Z
2026-09-09,CASH,Cash,10.0,100.0,USD,1.0,1.0,1.0,2026-09-09,100.0,100.0,0.0,0.0,cash,2026-09-09T17:31:14Z
2026-09-09,CEG,Constellation Energy,5.0,0.1687260186663456,USD,295.2049865722656,1.0,295.2049865722656,2026-09-09,49.80876207479041,50.0,-0.1912379252095917,-0.3824758504191834,yfinance,2026-09-09T17:31:14Z
2026-09-09,GOOGL,Alphabet,15.0,0.3891454452478011,USD,331.1300048828125,1.0,331.1300048828125,2026-09-09,128.85773318502865,150.0,-21.14226681497135,-14.094844543314233,yfinance,2026-09-09T17:31:14Z
2026-09-09,MCO,Moody's,2.0,0.0444681598313336,USD,476.0,1.0,476.0,2026-09-09,21.166844079714824,20.0,1.1668440797148243,5.8342203985741214,yfinance,2026-09-09T17:31:14Z
2026-09-09,MSCI,MSCI,2.0,0.0339052007771873,USD,554.6950073242188,1.0,554.6950073242188,2026-09-09,18.807045593431035,20.0,-1.1929544065689657,-5.964772032844827,yfinance,2026-09-09T17:31:14Z
2026-09-09,MSFT,Microsoft,18.0,0.4293689203419845,USD,493.1749877929688,1.0,493.1749877929688,2026-09-09,211.7540120483384,180.0,31.75401204833838,17.641117804632433,yfinance,2026-09-09T17:31:14Z
2026-09-09,NVDA,NVIDIA,7.0,0.323166358553396,USD,224.2850036621093,1.0,224.2850036621093,2026-09-09,72.48136791161899,70.0,2.481367911618989,3.544811302312841,yfinance,2026-09-09T17:31:14Z
2026-09-09,SPGI,S&P Global,2.0,0.047848035759865,USD,422.5899963378906,1.0,422.5899963378906,2026-09-09,20.22010125653661,20.0,0.220101256536612,1.1005062826830605,yfinance,2026-09-09T17:31:14Z
2026-09-09,TER,Teradyne,7.0,0.1958589848780872,USD,379.7799987792969,1.0,379.7799987792969,2026-09-09,74.38332503791429,70.0,4.38332503791429,6.261892911306129,yfinance,2026-09-09T17:31:14Z
2026-09-09,TSM,TSMC,7.0,0.1719669363096472,USD,434.739990234375,1.0,434.739990234375,2026-09-09,74.76090421189143,70.0,4.760904211891429,6.801291731273469,yfinance,2026-09-09T17:31:14Z
2026-09-09,VEEV,Veeva Systems,2.0,0.1251407776463619,USD,262.364990234375,1.0,262.364990234375,2026-09-09,32.83255890510985,20.0,12.832558905109847,64.16279452554924,yfinance,2026-09-09T17:31:14Z
2026-09-09,VRT,Vertiv,5.0,0.1522672617580549,USD,267.4700012207031,1.0,267.4700012207031,2026-09-09,40.72692468830007,50.0,-9.273075311699934,-18.546150623399868,yfinance,2026-09-09T17:31:14Z
2026-09-10,000660.KS,SK Hynix,8.0,0.0625538166478737,KRW,1856000.0,0.000743328598606,1379.617879012745,2026-09-09,86.30036384789167,80.0,6.300363847891674,7.875454809864594,yfinance,2026-09-10T17:28:23Z
2026-09-10,AVGO,Broadcom,10.0,0.2417444256507892,USD,363.5299987792969,1.0,363.5299987792969,2026-09-10,87.88135076173323,100.0,-12.11864923826677,-12.11864923826677,yfinance,2026-09-10T17:28:23Z
2026-09-10,CASH,Cash,10.0,100.0,USD,1.0,1.0,1.0,2026-09-10,100.0,100.0,0.0,0.0,cash,2026-09-10T17:28:23Z
2026-09-10,CEG,Constellation Energy,5.0,0.1687260186663456,USD,286.75,1.0,286.75,2026-09-10,48.382185852574615,50.0,-1.6178141474253849,-3.2356282948507697,yfinance,2026-09-10T17:28:23Z
2026-09-10,GOOGL,Alphabet,15.0,0.3891454452478011,USD,331.8999938964844,1.0,331.8999938964844,2026-09-10,129.1573709025899,150.0,-20.84262909741011,-13.895086064940074,yfinance,2026-09-10T17:28:23Z
2026-09-10,MCO,Moody's,2.0,0.0444681598313336,USD,469.6199951171875,1.0,469.6199951171875,2026-09-10,20.88313700286123,20.0,0.8831370028612291,4.4156850143061455,yfinance,2026-09-10T17:28:23Z
2026-09-10,MSCI,MSCI,2.0,0.0339052007771873,USD,548.5800170898438,1.0,548.5800170898438,2026-09-10,18.59971562178401,20.0,-1.4002843782159893,-7.001421891079946,yfinance,2026-09-10T17:28:23Z
2026-09-10,MSFT,Microsoft,18.0,0.4293689203419845,USD,492.9400024414063,1.0,492.9400024414063,2026-09-10,211.6531166416418,180.0,31.653116641641788,17.585064800912104,yfinance,2026-09-10T17:28:23Z
2026-09-10,NVDA,NVIDIA,7.0,0.323166358553396,USD,218.7400054931641,1.0,218.7400054931641,2026-09-10,70.68941104517567,70.0,0.6894110451756745,0.9848729216795352,yfinance,2026-09-10T17:28:23Z
2026-09-10,SPGI,S&P Global,2.0,0.047848035759865,USD,415.4599914550781,1.0,415.4599914550781,2026-09-10,19.87894452793579,20.0,-0.12105547206421,-0.6052773603210504,yfinance,2026-09-10T17:28:23Z
2026-09-10,TER,Teradyne,7.0,0.1958589848780872,USD,372.55999755859375,1.0,372.55999755859375,2026-09-10,72.96922292800883,70.0,2.9692229280088327,4.241747040012618,yfinance,2026-09-10T17:28:23Z
2026-09-10,TSM,TSMC,7.0,0.1719669363096472,USD,430.7749938964844,1.0,430.7749938964844,2026-09-10,74.07905593918541,70.0,4.079055939185409,5.82722277026487,yfinance,2026-09-10T17:28:23Z
2026-09-10,VEEV,Veeva Systems,2.0,0.1251407776463619,USD,263.17999267578125,1.0,263.17999267578125,2026-09-10,32.93454894441111,20.0,12.934548944411112,64.67274472205557,yfinance,2026-09-10T17:28:23Z
2026-09-10,VRT,Vertiv,5.0,0.1522672617580549,USD,247.4900054931641,1.0,247.4900054931641,2026-09-10,37.68462544893006,50.0,-12.315374551069937,-24.63074910213988,yfinance,2026-09-10T17:28:23Z
2026-09-11,000660.KS,SK Hynix,8.0,0.0625538166478737,KRW,1853000.0,0.0007466809974972,1383.5998883624409,2026-09-10,86.54945373064265,80.0,6.549453730642654,8.186817163303317,yfinance,2026-09-11T17:29:36Z
2026-09-11,AVGO,Broadcom,10.0,0.2417444256507892,USD,365.2250061035156,1.0,365.2250061035156,2026-09-11,88.29110933380038,100.0,-11.708890666199622,-11.708890666199622,yfinance,2026-09-11T17:29:36Z
2026-09-11,CASH,Cash,10.0,100.0,USD,1.0,1.0,1.0,2026-09-11,100.0,100.0,0.0,0.0,cash,2026-09-11T17:29:36Z
2026-09-11,CEG,Constellation Energy,5.0,0.1687260186663456,USD,284.5599975585937,1.0,284.5599975585937,2026-09-11,48.01267545976656,50.0,-1.9873245402334376,-3.9746490804668753,yfinance,2026-09-11T17:29:36Z
2026-09-11,GOOGL,Alphabet,15.0,0.3891454452478011,USD,340.81500244140625,1.0,340.81500244140625,2026-09-11,132.62660587219148,150.0,-17.373394127808524,-11.58226275187235,yfinance,2026-09-11T17:29:36Z
2026-09-11,MCO,Moody's,2.0,0.0444681598313336,USD,471.3049926757813,1.0,471.3049926757813,2026-09-11,20.95806574361218,20.0,0.9580657436121812,4.7903287180609055,yfinance,2026-09-11T17:29:36Z
2026-09-11,MSCI,MSCI,2.0,0.0339052007771873,USD,554.9099731445312,1.0,554.9099731445312,2026-09-11,18.814334052728963,20.0,-1.185665947271037,-5.928329736355185,yfinance,2026-09-11T17:29:36Z
2026-09-11,MSFT,Microsoft,18.0,0.4293689203419845,USD,495.2650146484375,1.0,495.2650146484375,2026-09-11,212.6514046227568,180.0,32.65140462275673,18.13966923486485,yfinance,2026-09-11T17:29:36Z
2026-09-11,NVDA,NVIDIA,7.0,0.323166358553396,USD,219.17999267578125,1.0,219.17999267578125,2026-09-11,70.83160010079224,70.0,0.8316001007922438,1.1880001439889198,yfinance,2026-09-11T17:29:36Z
2026-09-11,SPGI,S&P Global,2.0,0.047848035759865,USD,407.5750122070313,1.0,407.5750122070313,2026-09-11,19.501663758909448,20.0,-0.4983362410905521,-2.4916812054527604,yfinance,2026-09-11T17:29:36Z
2026-09-11,TER,Teradyne,7.0,0.1958589848780872,USD,382.6449890136719,1.0,382.6449890136719,2026-09-11,74.94445911690461,70.0,4.944459116904611,7.063513024149444,yfinance,2026-09-11T17:29:36Z
2026-09-11,TSM,TSMC,7.0,0.1719669363096472,USD,433.1449890136719,1.0,433.1449890136719,2026-09-11,74.48661673855696,70.0,4.486616738556961,6.409452483652801,yfinance,2026-09-11T17:29:36Z
2026-09-11,VEEV,Veeva Systems,2.0,0.1251407776463619,USD,262.4349975585937,1.0,262.4349975585937,2026-09-11,32.84131967610353,20.0,12.84131967610353,64.20659838051765,yfinance,2026-09-11T17:29:36Z
2026-09-11,VRT,Vertiv,5.0,0.1522672617580549,USD,256.5799865722656,1.0,256.5799865722656,2026-09-11,39.06873197727739,50.0,-10.931268022722612,-21.862536045445225,yfinance,2026-09-11T17:29:36Z
2026-09-12,000660.KS,SK Hynix,8.0,0.0625538166478737,KRW,1812000.0,0.0007456843246632,1351.1799962897835,2026-09-11,84.52146574618581,80.0,4.521465746185811,5.651832182732264,yfinance,2026-09-12T16:43:39Z
2026-09-12,AVGO,Broadcom,10.0,0.2417444256507892,USD,361.989990234375,1.0,361.989990234375,2026-09-11,87.50906228054379,100.0,-12.490937719456213,-12.490937719456213,yfinance,2026-09-12T16:43:39Z
2026-09-12,CASH,Cash,10.0,100.0,USD,1.0,1.0,1.0,2026-09-12,100.0,100.0,0.0,0.0,cash,2026-09-12T16:43:39Z
2026-09-12,CEG,Constellation Energy,5.0,0.1687260186663456,USD,284.75,1.0,284.75,2026-09-11,48.044733815241926,50.0,-1.9552661847580737,-3.9105323695161474,yfinance,2026-09-12T16:43:39Z
2026-09-12,GOOGL,Alphabet,15.0,0.3891454452478011,USD,338.5,1.0,338.5,2026-09-11,131.7257332163807,150.0,-18.27426678361931,-12.182844522412871,yfinance,2026-09-12T16:43:39Z
2026-09-12,MCO,Moody's,2.0,0.0444681598313336,USD,474.9500122070313,1.0,474.9500122070313,2026-09-11,21.12015305471614,20.0,1.1201530547161411,5.600765273580706,yfinance,2026-09-12T16:43:39Z
2026-09-12,MSCI,MSCI,2.0,0.0339052007771873,USD,554.6099853515625,1.0,554.6099853515625,2026-09-11,18.80416290637765,20.0,-1.195837093622348,-5.979185468111741,yfinance,2026-09-12T16:43:39Z
2026-09-12,MSFT,Microsoft,18.0,0.4293689203419845,USD,495.6300048828125,1.0,495.6300048828125,2026-09-11,212.8081200856257,180.0,32.80812008562569,18.22673338090316,yfinance,2026-09-12T16:43:39Z
2026-09-12,NVDA,NVIDIA,7.0,0.323166358553396,USD,218.2899932861328,1.0,218.2899932861328,2026-09-11,70.54398223892481,70.0,0.5439822389248121,0.777117484178303,yfinance,2026-09-12T16:43:39Z
2026-09-12,SPGI,S&P Global,2.0,0.047848035759865,USD,410.7099914550781,1.0,410.7099914550781,2026-09-11,19.65166635807643,20.0,-0.3483336419235705,-1.7416682096178526,yfinance,2026-09-12T16:43:39Z
2026-09-12,TER,Teradyne,7.0,0.1958589848780872,USD,379.7200012207031,1.0,379.7200012207031,2026-09-11,74.37157397699296,70.0,4.371573976992963,6.245105681418519,yfinance,2026-09-12T16:43:39Z
2026-09-12,TSM,TSMC,7.0,0.1719669363096472,USD,433.239990234375,1.0,433.239990234375,2026-09-11,74.50295380742696,70.0,4.502953807426962,6.43279115346709,yfinance,2026-09-12T16:43:39Z
2026-09-12,VEEV,Veeva Systems,2.0,0.1251407776463619,USD,262.3999938964844,1.0,262.3999938964844,2026-09-11,32.836939290606686,20.0,12.836939290606686,64.18469645303342,yfinance,2026-09-12T16:43:39Z
2026-09-12,VRT,Vertiv,5.0,0.1522672617580549,USD,257.0599975585937,1.0,257.0599975585937,2026-09-11,39.14182193577935,50.0,-10.858178064220652,-21.716356128441305,yfinance,2026-09-12T16:43:39Z
2026-09-13,000660.KS,SK Hynix,8.0,0.0625538166478737,KRW,1812000.0,0.0007449344322207,1349.8211911839846,2026-09-11,84.43646730073746,80.0,4.436467300737462,5.545584125921828,yfinance,2026-09-13T17:13:59Z
2026-09-13,AVGO,Broadcom,10.0,0.2417444256507892,USD,361.989990234375,1.0,361.989990234375,2026-09-11,87.50906228054379,100.0,-12.490937719456213,-12.490937719456213,yfinance,2026-09-13T17:13:59Z
2026-09-13,CASH,Cash,10.0,100.0,USD,1.0,1.0,1.0,2026-09-13,100.0,100.0,0.0,0.0,cash,2026-09-13T17:13:59Z
2026-09-13,CEG,Constellation Energy,5.0,0.1687260186663456,USD,284.75,1.0,284.75,2026-09-11,48.044733815241926,50.0,-1.9552661847580737,-3.9105323695161474,yfinance,2026-09-13T17:13:59Z
2026-09-13,GOOGL,Alphabet,15.0,0.3891454452478011,USD,338.5,1.0,338.5,2026-09-11,131.7257332163807,150.0,-18.27426678361931,-12.182844522412871,yfinance,2026-09-13T17:13:59Z
2026-09-13,MCO,Moody's,2.0,0.0444681598313336,USD,474.9500122070313,1.0,474.9500122070313,2026-09-11,21.12015305471614,20.0,1.1201530547161411,5.600765273580706,yfinance,2026-09-13T17:13:59Z
2026-09-13,MSCI,MSCI,2.0,0.0339052007771873,USD,554.6099853515625,1.0,554.6099853515625,2026-09-11,18.80416290637765,20.0,-1.195837093622348,-5.979185468111741,yfinance,2026-09-13T17:13:59Z
2026-09-13,MSFT,Microsoft,18.0,0.4293689203419845,USD,495.6300048828125,1.0,495.6300048828125,2026-09-11,212.8081200856257,180.0,32.80812008562569,18.22673338090316,yfinance,2026-09-13T17:13:59Z
2026-09-13,NVDA,NVIDIA,7.0,0.323166358553396,USD,218.2899932861328,1.0,218.2899932861328,2026-09-11,70.54398223892481,70.0,0.5439822389248121,0.777117484178303,yfinance,2026-09-13T17:13:59Z
2026-09-13,SPGI,S&P Global,2.0,0.047848035759865,USD,410.7099914550781,1.0,410.7099914550781,2026-09-11,19.65166635807643,20.0,-0.3483336419235705,-1.7416682096178526,yfinance,2026-09-13T17:13:59Z
2026-09-13,TER,Teradyne,7.0,0.1958589848780872,USD,379.7200012207031,1.0,379.7200012207031,2026-09-11,74.37157397699296,70.0,4.371573976992963,6.245105681418519,yfinance,2026-09-13T17:13:59Z
2026-09-13,TSM,TSMC,7.0,0.1719669363096472,USD,433.239990234375,1.0,433.239990234375,2026-09-11,74.50295380742696,70.0,4.502953807426962,6.43279115346709,yfinance,2026-09-13T17:13:59Z
2026-09-13,VEEV,Veeva Systems,2.0,0.1251407776463619,USD,262.3999938964844,1.0,262.3999938964844,2026-09-11,32.836939290606686,20.0,12.836939290606686,64.18469645303342,yfinance,2026-09-13T17:13:59Z
2026-09-13,VRT,Vertiv,5.0,0.1522672617580549,USD,257.0599975585937,1.0,257.0599975585937,2026-09-11,39.14182193577935,50.0,-10.858178064220652,-21.716356128441305,yfinance,2026-09-13T17:13:59Z
2026-09-14,000660.KS,SK Hynix,8.0,0.0625538166478737,KRW,1697000.0,0.0007431352742964,1261.1005604811148,2026-09-14,78.88665323486643,80.0,-1.113346765133571,-1.3916834564169631,yfinance,2026-09-14T19:00:14Z
2026-09-14,AVGO,Broadcom,10.0,0.2417444256507892,USD,346.44000244140625,1.0,346.44000244140625,2026-09-14,83.74993941265578,100.0,-16.250060587344223,-16.250060587344223,yfinance,2026-09-14T19:00:14Z
2026-09-14,CASH,Cash,10.0,100.0,USD,1.0,1.0,1.0,2026-09-14,100.0,100.0,0.0,0.0,cash,2026-09-14T19:00:14Z
2026-09-14,CEG,Constellation Energy,5.0,0.1687260186663456,USD,266.07598876953125,1.0,266.07598876953125,2026-09-14,44.89394224779431,50.0,-5.106057752205693,-10.212115504411386,yfinance,2026-09-14T19:00:14Z
2026-09-14,GOOGL,Alphabet,15.0,0.3891454452478011,USD,347.38751220703125,1.0,347.38751220703125,2026-09-14,135.18426811133114,150.0,-14.815731888668864,-9.87715459244591,yfinance,2026-09-14T19:00:14Z
2026-09-14,MCO,Moody's,2.0,0.0444681598313336,USD,474.55999755859375,1.0,474.55999755859375,2026-09-14,21.10280982099286,20.0,1.10280982099286,5.5140491049643,yfinance,2026-09-14T19:00:14Z
2026-09-14,MSCI,MSCI,2.0,0.0339052007771873,USD,547.010009765625,1.0,547.010009765625,2026-09-14,18.54648420823472,20.0,-1.4535157917652803,-7.267578958826401,yfinance,2026-09-14T19:00:14Z
2026-09-14,MSFT,Microsoft,18.0,0.4293689203419845,USD,505.9849853515625,1.0,505.9849853515625,2026-09-14,217.2542268696552,180.0,37.25422686965521,20.696792705364008,yfinance,2026-09-14T19:00:14Z
2026-09-14,NVDA,NVIDIA,7.0,0.323166358553396,USD,212.58999633789065,1.0,212.58999633789065,2026-09-14,68.70193498139591,70.0,-1.2980650186040918,-1.8543785980058447,yfinance,2026-09-14T19:00:14Z
2026-09-14,SPGI,S&P Global,2.0,0.047848035759865,USD,417.0199890136719,1.0,417.0199890136719,2026-09-14,19.953587346904683,20.0,-0.0464126530953166,-0.232063265476583,yfinance,2026-09-14T19:00:14Z
2026-09-14,TER,Teradyne,7.0,0.1958589848780872,USD,337.125,1.0,337.125,2026-09-14,66.02896027702516,70.0,-3.9710397229748366,-5.672913889964052,yfinance,2026-09-14T19:00:14Z
2026-09-14,TSM,TSMC,7.0,0.1719669363096472,USD,423.7099914550781,1.0,423.7099914550781,2026-09-14,72.86410911431659,70.0,2.864109114316591,4.091584449023701,yfinance,2026-09-14T19:00:14Z
2026-09-14,VEEV,Veeva Systems,2.0,0.1251407776463619,USD,264.6514892578125,1.0,264.6514892578125,2026-09-14,33.11869317099047,20.0,13.118693170990468,65.59346585495234,yfinance,2026-09-14T19:00:14Z
2026-09-14,VRT,Vertiv,5.0,0.1522672617580549,USD,240.57000732421875,1.0,240.57000732421875,2026-09-14,36.630936276374,50.0,-13.369063723626,-26.738127447252,yfinance,2026-09-14T19:00:14Z
2026-09-15,000660.KS,SK Hynix,8.0,0.0625538166478737,KRW,1697000.0,0.0007341766865383,1245.8978370556144,2026-09-14,77.93566486115934,80.0,-2.064335138840661,-2.580418923550827,yfinance,2026-09-15T17:54:51Z
2026-09-15,AVGO,Broadcom,10.0,0.2417444256507892,USD,338.70001220703125,1.0,338.70001220703125,2026-09-15,81.87883991890408,100.0,-18.121160081095923,-18.121160081095923,yfinance,2026-09-15T17:54:51Z
2026-09-15,CASH,Cash,10.0,100.0,USD,1.0,1.0,1.0,2026-09-15,100.0,100.0,0.0,0.0,cash,2026-09-15T17:54:51Z
2026-09-15,CEG,Constellation Energy,5.0,0.1687260186663456,USD,262.1499938964844,1.0,262.1499938964844,2026-09-15,44.23152476356062,50.0,-5.768475236439379,-11.536950472878758,yfinance,2026-09-15T17:54:51Z
2026-09-15,GOOGL,Alphabet,15.0,0.3891454452478011,USD,343.42498779296875,1.0,343.42498779296875,2026-09-15,133.6422697839155,150.0,-16.35773021608449,-10.90515347738966,yfinance,2026-09-15T17:54:51Z
2026-09-15,MCO,Moody's,2.0,0.0444681598313336,USD,469.1199951171875,1.0,469.1199951171875,2026-09-15,20.86090292294556,20.0,0.8609029229455594,4.304514614727797,yfinance,2026-09-15T17:54:51Z
2026-09-15,MSCI,MSCI,2.0,0.0339052007771873,USD,549.6599731445312,1.0,549.6599731445312,2026-09-15,18.63633174864873,20.0,-1.363668251351271,-6.818341256756355,yfinance,2026-09-15T17:54:51Z
2026-09-15,MSFT,Microsoft,18.0,0.4293689203419845,USD,498.8200988769531,1.0,498.8200988769531,2026-09-15,214.1778472996793,180.0,34.177847299679314,18.98769294426629,yfinance,2026-09-15T17:54:51Z
2026-09-15,NVDA,NVIDIA,7.0,0.323166358553396,USD,211.79010009765625,1.0,211.79010009765625,2026-09-15,68.44343542621881,70.0,-1.5565645737811875,-2.2236636768302684,yfinance,2026-09-15T17:54:51Z
2026-09-15,SPGI,S&P Global,2.0,0.047848035759865,USD,413.5,1.0,413.5,2026-09-15,19.78516278670418,20.0,-0.2148372132958194,-1.074186066479097,yfinance,2026-09-15T17:54:51Z
2026-09-15,TER,Teradyne,7.0,0.1958589848780872,USD,327.3099975585937,1.0,327.3099975585937,2026-09-15,64.10660386227538,70.0,-5.893396137724622,-8.419137339606603,yfinance,2026-09-15T17:54:51Z
2026-09-15,TSM,TSMC,7.0,0.1719669363096472,USD,413.58099365234375,1.0,413.58099365234375,2026-09-15,71.12225639429322,70.0,1.1222563942932169,1.603223420418881,yfinance,2026-09-15T17:54:51Z
2026-09-15,VEEV,Veeva Systems,2.0,0.1251407776463619,USD,271.0050048828125,1.0,271.0050048828125,2026-09-15,33.91377705709128,20.0,13.91377705709128,69.5688852854564,yfinance,2026-09-15T17:54:51Z
2026-09-15,VRT,Vertiv,5.0,0.1522672617580549,USD,236.1100006103516,1.0,236.1100006103516,2026-09-15,35.9518232666309,50.0,-14.048176733369097,-28.0963534667382,yfinance,2026-09-15T17:54:51Z
2026-09-16,000660.KS,SK Hynix,8.0,0.0625538166478737,KRW,1690000.0,0.0007314165552994,1236.093978456068,2026-09-15,77.32239608788164,80.0,-2.677603912118357,-3.347004890147946,yfinance,2026-09-16T17:56:51Z
2026-09-16,AVGO,Broadcom,10.0,0.2417444256507892,USD,341.1199951171875,1.0,341.1199951171875,2026-09-16,82.46385729760452,100.0,-17.53614270239548,-17.53614270239548,yfinance,2026-09-16T17:56:51Z
2026-09-16,CASH,Cash,10.0,100.0,USD,1.0,1.0,1.0,2026-09-16,100.0,100.0,0.0,0.0,cash,2026-09-16T17:56:51Z
2026-09-16,CEG,Constellation Energy,5.0,0.1687260186663456,USD,259.8051147460937,1.0,259.8051147460937,2026-09-16,43.83588264026149,50.0,-6.164117359738512,-12.328234719477024,yfinance,2026-09-16T17:56:51Z
2026-09-16,GOOGL,Alphabet,15.0,0.3891454452478011,USD,344.6600036621094,1.0,344.6600036621094,2026-09-16,134.1228705842003,150.0,-15.877129415799686,-10.584752943866455,yfinance,2026-09-16T17:56:51Z
2026-09-16,MCO,Moody's,2.0,0.0444681598313336,USD,470.4504089355469,1.0,470.4504089355469,2026-09-16,20.92006397726218,20.0,0.9200639772621813,4.600319886310906,yfinance,2026-09-16T17:56:51Z
2026-09-16,MSCI,MSCI,2.0,0.0339052007771873,USD,545.97998046875,1.0,545.97998046875,2026-09-16,18.511560858117782,20.0,-1.488439141882214,-7.44219570941107,yfinance,2026-09-16T17:56:51Z
2026-09-16,MSFT,Microsoft,18.0,0.4293689203419845,USD,493.1199951171875,1.0,493.1199951171875,2026-09-16,211.73039990251144,180.0,31.730399902511465,17.627999945839704,yfinance,2026-09-16T17:56:51Z
2026-09-16,NVDA,NVIDIA,7.0,0.323166358553396,USD,214.9900054931641,1.0,214.9900054931641,2026-09-16,69.47753720060044,70.0,-0.5224627993995625,-0.7463754277136607,yfinance,2026-09-16T17:56:51Z
2026-09-16,SPGI,S&P Global,2.0,0.047848035759865,USD,411.1300048828125,1.0,411.1300048828125,2026-09-16,19.67176317558629,20.0,-0.328236824413711,-1.6411841220685552,yfinance,2026-09-16T17:56:51Z
2026-09-16,TER,Teradyne,7.0,0.1958589848780872,USD,344.0350036621094,1.0,344.0350036621094,2026-09-16,67.38234657978977,70.0,-2.617653420210232,-3.739504886014617,yfinance,2026-09-16T17:56:51Z
2026-09-16,TSM,TSMC,7.0,0.1719669363096472,USD,417.8500061035156,1.0,417.8500061035156,2026-09-16,71.85638538658898,70.0,1.8563853865889823,2.6519791236985464,yfinance,2026-09-16T17:56:51Z
2026-09-16,VEEV,Veeva Systems,2.0,0.1251407776463619,USD,266.2049865722656,1.0,266.2049865722656,2026-09-16,33.31309903299267,20.0,13.313099032992668,66.56549516496334,yfinance,2026-09-16T17:56:51Z
2026-09-16,VRT,Vertiv,5.0,0.1522672617580549,USD,243.07000732421875,1.0,243.07000732421875,2026-09-16,37.01160443076914,50.0,-12.98839556923086,-25.97679113846172,yfinance,2026-09-16T17:56:51Z
2026-09-17,000660.KS,SK Hynix,8.0,0.0625538166478737,KRW,1759000.0,0.0007240448013326,1273.5948055442104,2026-09-16,79.66821594969691,80.0,-0.3317840503030851,-0.4147300628788564,yfinance,2026-09-17T17:55:06Z
2026-09-17,AVGO,Broadcom,10.0,0.2417444256507892,USD,348.82000732421875,1.0,348.82000732421875,2026-09-17,84.32529232609735,100.0,-15.674707673902644,-15.674707673902647,yfinance,2026-09-17T17:55:06Z
2026-09-17,CASH,Cash,10.0,100.0,USD,1.0,1.0,1.0,2026-09-17,100.0,100.0,0.0,0.0,cash,2026-09-17T17:55:06Z
2026-09-17,CEG,Constellation Energy,5.0,0.1687260186663456,USD,262.04998779296875,1.0,262.04998779296875,2026-09-17,44.214651131872095,50.0,-5.785348868127905,-11.57069773625581,yfinance,2026-09-17T17:55:06Z
2026-09-17,GOOGL,Alphabet,15.0,0.3891454452478011,USD,345.3399963378906,1.0,345.3399963378906,2026-09-17,134.38748663678246,150.0,-15.612513363217545,-10.40834224214503,yfinance,2026-09-17T17:55:06Z
2026-09-17,MCO,Moody's,2.0,0.0444681598313336,USD,464.0299987792969,1.0,464.0299987792969,2026-09-17,20.63456015225134,20.0,0.6345601522513391,3.172800761256696,yfinance,2026-09-17T17:55:06Z
2026-09-17,MSCI,MSCI,2.0,0.0339052007771873,USD,550.4949951171875,1.0,550.4949951171875,2026-09-17,18.664643336285003,20.0,-1.3353566637149967,-6.676783318574983,yfinance,2026-09-17T17:55:06Z
2026-09-17,MSFT,Microsoft,18.0,0.4293689203419845,USD,495.7850036621094,1.0,495.7850036621094,2026-09-17,212.87467174414672,180.0,32.874671744146724,18.26370652452596,yfinance,2026-09-17T17:55:06Z
2026-09-17,NVDA,NVIDIA,7.0,0.323166358553396,USD,219.2250061035156,1.0,219.2250061035156,2026-09-17,70.84614692631916,70.0,0.8461469263191645,1.2087813233130922,yfinance,2026-09-17T17:55:06Z
2026-09-17,SPGI,S&P Global,2.0,0.047848035759865,USD,406.7300109863281,1.0,406.7300109863281,2026-09-17,19.461232110284115,20.0,-0.538767889715885,-2.693839448579425,yfinance,2026-09-17T17:55:06Z
2026-09-17,TER,Teradyne,7.0,0.1958589848780872,USD,356.44500732421875,1.0,356.44500732421875,2026-09-17,69.81295729938385,70.0,-0.1870427006161463,-0.2672038580230662,yfinance,2026-09-17T17:55:06Z
2026-09-17,TSM,TSMC,7.0,0.1719669363096472,USD,429.1827087402344,1.0,429.1827087402344,2026-09-17,73.80523553913376,70.0,3.805235539133761,5.436050770191088,yfinance,2026-09-17T17:55:06Z
2026-09-17,VEEV,Veeva Systems,2.0,0.1251407776463619,USD,264.82000732421875,1.0,264.82000732421875,2026-09-17,33.13978165286801,20.0,13.13978165286801,65.69890826434005,yfinance,2026-09-17T17:55:06Z
2026-09-17,VRT,Vertiv,5.0,0.1522672617580549,USD,241.7899932861328,1.0,241.7899932861328,2026-09-17,36.81670019817793,50.0,-13.183299801822074,-26.366599603644147,yfinance,2026-09-17T17:55:06Z
2026-09-18,000660.KS,SK Hynix,8.0,0.0625538166478737,KRW,1745000.0,0.0007221155376045,1260.0916131199017,2026-09-17,78.82353972662573,80.0,-1.1764602733742748,-1.4705753417178435,yfinance,2026-09-18T17:28:24Z
2026-09-18,AVGO,Broadcom,10.0,0.2417444256507892,USD,354.3550109863281,1.0,354.3550109863281,2026-09-18,85.663348607369,100.0,-14.336651392630998,-14.336651392630998,yfinance,2026-09-18T17:28:24Z
2026-09-18,CASH,Cash,10.0,100.0,USD,1.0,1.0,1.0,2026-09-18,100.0,100.0,0.0,0.0,cash,2026-09-18T17:28:24Z
2026-09-18,CEG,Constellation Energy,5.0,0.1687260186663456,USD,256.0899963378906,1.0,256.0899963378906,2026-09-18,43.209045502371325,50.0,-6.790954497628675,-13.581908995257349,yfinance,2026-09-18T17:28:24Z
2026-09-18,GOOGL,Alphabet,15.0,0.3891454452478011,USD,349.45001220703125,1.0,349.45001220703125,2026-09-18,135.98688059215473,150.0,-14.013119407845268,-9.342079605230175,yfinance,2026-09-18T17:28:24Z
2026-09-18,MCO,Moody's,2.0,0.0444681598313336,USD,467.9100036621094,1.0,467.9100036621094,2026-09-18,20.8070968295266,20.0,0.8070968295265999,4.035484147633,yfinance,2026-09-18T17:28:24Z
2026-09-18,MSCI,MSCI,2.0,0.0339052007771873,USD,551.739990234375,1.0,551.739990234375,2026-09-18,18.706855145699866,20.0,-1.293144854300138,-6.46572427150069,yfinance,2026-09-18T17:28:24Z
2026-09-18,MSFT,Microsoft,18.0,0.4293689203419845,USD,494.2999877929688,1.0,494.2999877929688,2026-09-18,212.2370520837231,180.0,32.237052083723114,17.909473379846176,yfinance,2026-09-18T17:28:24Z
2026-09-18,NVDA,NVIDIA,7.0,0.323166358553396,USD,220.07000732421875,1.0,220.07000732421875,2026-09-18,71.11922289378697,70.0,1.1192228937869686,1.598889848267098,yfinance,2026-09-18T17:28:24Z
2026-09-18,SPGI,S&P Global,2.0,0.047848035759865,USD,406.7650146484375,1.0,406.7650146484375,2026-09-18,19.46290696676045,20.0,-0.5370930332395503,-2.685465166197752,yfinance,2026-09-18T17:28:24Z
2026-09-18,TER,Teradyne,7.0,0.1958589848780872,USD,359.5799865722656,1.0,359.5799865722656,2026-09-18,70.42697115252018,70.0,0.4269711525201813,0.6099587893145448,yfinance,2026-09-18T17:28:24Z
2026-09-18,TSM,TSMC,7.0,0.1719669363096472,USD,430.489990234375,1.0,430.489990234375,2026-09-18,74.03004473257543,70.0,4.030044732575433,5.757206760822048,yfinance,2026-09-18T17:28:24Z
2026-09-18,VEEV,Veeva Systems,2.0,0.1251407776463619,USD,263.44000244140625,1.0,263.44000244140625,2026-09-18,32.96708676867708,20.0,12.967086768677078,64.83543384338539,yfinance,2026-09-18T17:28:24Z
2026-09-18,VRT,Vertiv,5.0,0.1522672617580549,USD,248.3587951660156,1.0,248.3587951660156,2026-09-18,37.81691367345884,50.0,-12.183086326541158,-24.36617265308232,yfinance,2026-09-18T17:28:24Z
2026-09-19,000660.KS,SK Hynix,8.0,0.0625538166478737,KRW,1857000.0,0.0007220216606498,1340.7942238267146,2026-09-18,83.87179603978446,80.0,3.871796039784456,4.8397450497305705,yfinance,2026-09-19T16:59:32Z
2026-09-19,AVGO,Broadcom,10.0,0.2417444256507892,USD,357.6099853515625,1.0,357.6099853515625,2026-09-18,86.45022051580062,100.0,-13.549779484199377,-13.549779484199377,yfinance,2026-09-19T16:59:32Z
2026-09-19,CASH,Cash,10.0,100.0,USD,1.0,1.0,1.0,2026-09-19,100.0,100.0,0.0,0.0,cash,2026-09-19T16:59:32Z
2026-09-19,CEG,Constellation Energy,5.0,0.1687260186663456,USD,254.7100067138672,1.0,254.7100067138672,2026-09-18,42.97620534730898,50.0,-7.023794652691016,-14.047589305382033,yfinance,2026-09-19T16:59:32Z
2026-09-19,GOOGL,Alphabet,15.0,0.3891454452478011,USD,349.5400085449219,1.0,349.5400085449219,2026-09-18,136.02190225713383,150.0,-13.978097742866169,-9.318731828577445,yfinance,2026-09-19T16:59:32Z
2026-09-19,MCO,Moody's,2.0,0.0444681598313336,USD,468.5899963378906,1.0,468.5899963378906,2026-09-18,20.837334852517376,20.0,0.837334852517376,4.18667426258688,yfinance,2026-09-19T16:59:32Z
2026-09-19,MSCI,MSCI,2.0,0.0339052007771873,USD,552.8699951171875,1.0,552.8699951171875,2026-09-18,18.745168188130823,20.0,-1.2548318118691777,-6.274159059345888,yfinance,2026-09-19T16:59:32Z
2026-09-19,MSFT,Microsoft,18.0,0.4293689203419845,USD,493.7799987792969,1.0,493.7799987792969,2026-09-18,212.01378496233312,180.0,32.01378496233312,17.785436090185065,yfinance,2026-09-19T16:59:32Z
2026-09-19,NVDA,NVIDIA,7.0,0.323166358553396,USD,222.2700042724609,1.0,222.2700042724609,2026-09-18,71.83018789637899,70.0,1.830187896378988,2.614554137684268,yfinance,2026-09-19T16:59:32Z
2026-09-19,SPGI,S&P Global,2.0,0.047848035759865,USD,405.3200073242188,1.0,405.3200073242188,2026-09-18,19.393766204637966,20.0,-0.6062337953620336,-3.031168976810168,yfinance,2026-09-19T16:59:32Z
2026-09-19,TER,Teradyne,7.0,0.1958589848780872,USD,371.4700012207031,1.0,371.4700012207031,2026-09-18,72.75573735174873,70.0,2.755737351748735,3.936767645355336,yfinance,2026-09-19T16:59:32Z
2026-09-19,TSM,TSMC,7.0,0.1719669363096472,USD,434.6700134277344,1.0,434.6700134277344,2026-09-18,74.7488705148407,70.0,4.748870514840704,6.78410073548672,yfinance,2026-09-19T16:59:32Z
2026-09-19,VEEV,Veeva Systems,2.0,0.1251407776463619,USD,260.2099914550781,1.0,260.2099914550781,2026-09-18,32.56288068204168,20.0,12.56288068204168,62.8144034102084,yfinance,2026-09-19T16:59:32Z
2026-09-19,VRT,Vertiv,5.0,0.1522672617580549,USD,249.38999938964844,1.0,249.38999938964844,2026-09-18,37.97393231690475,50.0,-12.026067683095247,-24.05213536619049,yfinance,2026-09-19T16:59:32Z
2026-09-20,000660.KS,SK Hynix,8.0,0.0625538166478737,KRW,1857000.0,0.0007215267760242,1339.8752230770192,2026-09-18,83.81430903538875,80.0,3.814309035388746,4.767886294235932,yfinance,2026-09-20T17:16:39Z
2026-09-20,AVGO,Broadcom,10.0,0.2417444256507892,USD,357.6099853515625,1.0,357.6099853515625,2026-09-18,86.45022051580062,100.0,-13.549779484199377,-13.549779484199377,yfinance,2026-09-20T17:16:39Z
2026-09-20,CASH,Cash,10.0,100.0,USD,1.0,1.0,1.0,2026-09-20,100.0,100.0,0.0,0.0,cash,2026-09-20T17:16:39Z
2026-09-20,CEG,Constellation Energy,5.0,0.1687260186663456,USD,254.7100067138672,1.0,254.7100067138672,2026-09-18,42.97620534730898,50.0,-7.023794652691016,-14.047589305382033,yfinance,2026-09-20T17:16:39Z
2026-09-20,GOOGL,Alphabet,15.0,0.3891454452478011,USD,349.5400085449219,1.0,349.5400085449219,2026-09-18,136.02190225713383,150.0,-13.978097742866169,-9.318731828577445,yfinance,2026-09-20T17:16:39Z
2026-09-20,MCO,Moody's,2.0,0.0444681598313336,USD,468.5899963378906,1.0,468.5899963378906,2026-09-18,20.837334852517376,20.0,0.837334852517376,4.18667426258688,yfinance,2026-09-20T17:16:39Z
2026-09-20,MSCI,MSCI,2.0,0.0339052007771873,USD,552.8699951171875,1.0,552.8699951171875,2026-09-18,18.745168188130823,20.0,-1.2548318118691777,-6.274159059345888,yfinance,2026-09-20T17:16:39Z
2026-09-20,MSFT,Microsoft,18.0,0.4293689203419845,USD,493.7799987792969,1.0,493.7799987792969,2026-09-18,212.01378496233312,180.0,32.01378496233312,17.785436090185065,yfinance,2026-09-20T17:16:39Z
2026-09-20,NVDA,NVIDIA,7.0,0.323166358553396,USD,222.2700042724609,1.0,222.2700042724609,2026-09-18,71.83018789637899,70.0,1.830187896378988,2.614554137684268,yfinance,2026-09-20T17:16:39Z
2026-09-20,SPGI,S&P Global,2.0,0.047848035759865,USD,405.3200073242188,1.0,405.3200073242188,2026-09-18,19.393766204637966,20.0,-0.6062337953620336,-3.031168976810168,yfinance,2026-09-20T17:16:39Z
2026-09-20,TER,Teradyne,7.0,0.1958589848780872,USD,371.4700012207031,1.0,371.4700012207031,2026-09-18,72.75573735174873,70.0,2.755737351748735,3.936767645355336,yfinance,2026-09-20T17:16:39Z
2026-09-20,TSM,TSMC,7.0,0.1719669363096472,USD,434.6700134277344,1.0,434.6700134277344,2026-09-18,74.7488705148407,70.0,4.748870514840704,6.78410073548672,yfinance,2026-09-20T17:16:39Z
2026-09-20,VEEV,Veeva Systems,2.0,0.1251407776463619,USD,260.2099914550781,1.0,260.2099914550781,2026-09-18,32.56288068204168,20.0,12.56288068204168,62.8144034102084,yfinance,2026-09-20T17:16:39Z
2026-09-20,VRT,Vertiv,5.0,0.1522672617580549,USD,249.38999938964844,1.0,249.38999938964844,2026-09-18,37.97393231690475,50.0,-12.026067683095247,-24.05213536619049,yfinance,2026-09-20T17:16:39Z
2026-09-21,000660.KS,SK Hynix,8.0,0.0625538166478737,KRW,1868000.0,0.0007275107958801,1358.9901667040544,2026-09-21,85.01002171426875,80.0,5.0100217142687455,6.262527142835932,yfinance,2026-09-21T19:02:20Z
2026-09-21,AVGO,Broadcom,10.0,0.2417444256507892,USD,362.6099853515625,1.0,362.6099853515625,2026-09-21,87.65894264405458,100.0,-12.341057355945424,-12.341057355945424,yfinance,2026-09-21T19:02:20Z
2026-09-21,CASH,Cash,10.0,100.0,USD,1.0,1.0,1.0,2026-09-21,100.0,100.0,0.0,0.0,cash,2026-09-21T19:02:20Z
2026-09-21,CEG,Constellation Energy,5.0,0.1687260186663456,USD,263.0950012207031,1.0,263.0950012207031,2026-09-21,44.39097208698659,50.0,-5.6090279130134135,-11.218055826026829,yfinance,2026-09-21T19:02:20Z
2026-09-21,GOOGL,Alphabet,15.0,0.3891454452478011,USD,354.57501220703125,1.0,354.57501220703125,2026-09-21,137.9812509990497,150.0,-12.018749000950294,-8.012499333966861,yfinance,2026-09-21T19:02:20Z
2026-09-21,MCO,Moody's,2.0,0.0444681598313336,USD,469.18499755859375,1.0,469.18499755859375,2026-09-21,20.86379346189944,20.0,0.8637934618994407,4.318967309497204,yfinance,2026-09-21T19:02:20Z
2026-09-21,MSCI,MSCI,2.0,0.0339052007771873,USD,557.510009765625,1.0,557.510009765625,2026-09-21,18.902488816395184,20.0,-1.0975111836048157,-5.487555918024079,yfinance,2026-09-21T19:02:20Z
2026-09-21,MSFT,Microsoft,18.0,0.4293689203419845,USD,498.3999938964844,1.0,498.3999938964844,2026-09-21,213.99746727778515,180.0,33.99746727778515,18.88748182099175,yfinance,2026-09-21T19:02:20Z
2026-09-21,NVDA,NVIDIA,7.0,0.323166358553396,USD,227.69000244140625,1.0,227.69000244140625,2026-09-21,73.58174896800311,70.0,3.581748968003112,5.116784240004446,yfinance,2026-09-21T19:02:20Z
2026-09-21,SPGI,S&P Global,2.0,0.047848035759865,USD,406.25,1.0,406.25,2026-09-21,19.43826452744516,20.0,-0.5617354725548402,-2.808677362774201,yfinance,2026-09-21T19:02:20Z
2026-09-21,TER,Teradyne,7.0,0.1958589848780872,USD,381.25,1.0,381.25,2026-09-21,74.67123798477076,70.0,4.671237984770755,6.673197121101079,yfinance,2026-09-21T19:02:20Z
2026-09-21,TSM,TSMC,7.0,0.1719669363096472,USD,443.9299926757813,1.0,443.9299926757813,2026-09-21,76.34128077641824,70.0,6.341280776418245,9.058972537740347,yfinance,2026-09-21T19:02:20Z
2026-09-21,VEEV,Veeva Systems,2.0,0.1251407776463619,USD,260.489990234375,1.0,260.489990234375,2026-09-21,32.59791994702292,20.0,12.597919947022923,62.98959973511462,yfinance,2026-09-21T19:02:20Z
2026-09-21,VRT,Vertiv,5.0,0.1522672617580549,USD,252.8300018310547,1.0,252.8300018310547,2026-09-21,38.49773206909871,50.0,-11.50226793090129,-23.00453586180258,yfinance,2026-09-21T19:02:20Z
2026-09-22,000660.KS,SK Hynix,8.0,0.0625538166478737,KRW,1868000.0,0.0007367025062723,1376.160281716765,2026-09-21,86.08407794059676,80.0,6.084077940596757,7.605097425745947,yfinance,2026-09-22T17:54:57Z
2026-09-22,AVGO,Broadcom,10.0,0.2417444256507892,USD,364.4500122070313,1.0,364.4500122070313,2026-09-22,88.1037588794119,100.0,-11.8962411205881,-11.8962411205881,yfinance,2026-09-22T17:54:57Z
2026-09-22,CASH,Cash,10.0,100.0,USD,1.0,1.0,1.0,2026-09-22,100.0,100.0,0.0,0.0,cash,2026-09-22T17:54:57Z
2026-09-22,CEG,Constellation Energy,5.0,0.1687260186663456,USD,264.9349975585937,1.0,264.9349975585937,2026-09-22,44.701427343439526,50.0,-5.298572656560474,-10.597145313120947,yfinance,2026-09-22T17:54:57Z
2026-09-22,GOOGL,Alphabet,15.0,0.3891454452478011,USD,352.8800048828125,1.0,352.8800048828125,2026-09-22,137.32164661916832,150.0,-12.67835338083168,-8.45223558722112,yfinance,2026-09-22T17:54:57Z
2026-09-22,MCO,Moody's,2.0,0.0444681598313336,USD,468.8399963378906,1.0,468.8399963378906,2026-09-22,20.848451892475207,20.0,0.8484518924752074,4.242259462376037,yfinance,2026-09-22T17:54:57Z
2026-09-22,MSCI,MSCI,2.0,0.0339052007771873,USD,551.260009765625,1.0,551.260009765625,2026-09-22,18.69058131153777,20.0,-1.309418688462234,-6.547093442311169,yfinance,2026-09-22T17:54:57Z
2026-09-22,MSFT,Microsoft,18.0,0.4293689203419845,USD,496.6799926757813,1.0,496.6799926757813,2026-09-22,213.2589522106649,180.0,33.258952210664944,18.47719567259164,yfinance,2026-09-22T17:54:57Z
2026-09-22,NVDA,NVIDIA,7.0,0.323166358553396,USD,229.11680603027344,1.0,229.11680603027344,2026-09-22,74.04284388818824,70.0,4.042843888188244,5.77549126884035,yfinance,2026-09-22T17:54:57Z
2026-09-22,SPGI,S&P Global,2.0,0.047848035759865,USD,403.2699890136719,1.0,403.2699890136719,2026-09-22,19.29567685520654,20.0,-0.7043231447934595,-3.5216157239672974,yfinance,2026-09-22T17:54:57Z
2026-09-22,TER,Teradyne,7.0,0.1958589848780872,USD,394.4750061035156,1.0,394.4750061035156,2026-09-22,77.26147425521184,70.0,7.261474255211837,10.373534650302624,yfinance,2026-09-22T17:54:57Z
2026-09-22,TSM,TSMC,7.0,0.1719669363096472,USD,448.6799926757813,1.0,448.6799926757813,2026-09-22,77.15812372388906,70.0,7.158123723889062,10.225891034127232,yfinance,2026-09-22T17:54:57Z
2026-09-22,VEEV,Veeva Systems,2.0,0.1251407776463619,USD,264.79998779296875,1.0,264.79998779296875,2026-09-22,33.13727639315927,20.0,13.137276393159269,65.68638196579634,yfinance,2026-09-22T17:54:57Z
2026-09-22,VRT,Vertiv,5.0,0.1522672617580549,USD,253.9349975585937,1.0,253.9349975585937,2026-09-22,38.66598674278543,50.0,-11.334013257214572,-22.668026514429144,yfinance,2026-09-22T17:54:57Z
2026-09-23,000660.KS,SK Hynix,8.0,0.0625538166478737,KRW,1840000.0,0.0007319626427425,1346.8112626462807,2026-09-22,84.24818478286673,80.0,4.24818478286673,5.310230978583412,yfinance,2026-09-23T18:14:45Z
2026-09-23,AVGO,Broadcom,10.0,0.2417444256507892,USD,355.07501220703125,1.0,355.07501220703125,2026-09-23,85.83740488893575,100.0,-14.162595111064247,-14.162595111064247,yfinance,2026-09-23T18:14:45Z
2026-09-23,CASH,Cash,10.0,100.0,USD,1.0,1.0,1.0,2026-09-23,100.0,100.0,0.0,0.0,cash,2026-09-23T18:14:45Z
2026-09-23,CEG,Constellation Energy,5.0,0.1687260186663456,USD,262.67999267578125,1.0,262.67999267578125,2026-09-23,44.3209493474894,50.0,-5.679050652510597,-11.358101305021194,yfinance,2026-09-23T18:14:45Z
2026-09-23,GOOGL,Alphabet,15.0,0.3891454452478011,USD,339.6849975585937,1.0,339.6849975585937,2026-09-23,132.1868696189372,150.0,-17.81313038106279,-11.87542025404186,yfinance,2026-09-23T18:14:45Z
2026-09-23,MCO,Moody's,2.0,0.0444681598313336,USD,473.1199951171875,1.0,473.1199951171875,2026-09-23,21.038775562270896,20.0,1.0387755622708958,5.193877811354479,yfinance,2026-09-23T18:14:45Z
2026-09-23,MSCI,MSCI,2.0,0.0339052007771873,USD,556.3300170898438,1.0,556.3300170898438,2026-09-23,18.86248092780721,20.0,-1.137519072192788,-5.68759536096394,yfinance,2026-09-23T18:14:45Z
2026-09-23,MSFT,Microsoft,18.0,0.4293689203419845,USD,499.3250122070313,1.0,499.3250122070313,2026-09-23,214.3946413910812,180.0,34.39464139108122,19.10813410615624,yfinance,2026-09-23T18:14:45Z
2026-09-23,NVDA,NVIDIA,7.0,0.323166358553396,USD,225.29010009765625,1.0,225.29010009765625,2026-09-23,72.80618126668966,70.0,2.806181266689663,4.008830380985232,yfinance,2026-09-23T18:14:45Z
2026-09-23,SPGI,S&P Global,2.0,0.047848035759865,USD,405.9049987792969,1.0,405.9049987792969,2026-09-23,19.42175689669976,20.0,-0.5782431033002418,-2.891215516501209,yfinance,2026-09-23T18:14:45Z
2026-09-23,TER,Teradyne,7.0,0.1958589848780872,USD,387.0,1.0,387.0,2026-09-23,75.79742714781976,70.0,5.797427147819761,8.282038782599658,yfinance,2026-09-23T18:14:45Z
2026-09-23,TSM,TSMC,7.0,0.1719669363096472,USD,446.4549865722656,1.0,446.4549865722656,2026-09-23,76.77549624099721,70.0,6.775496240997214,9.679280344281734,yfinance,2026-09-23T18:14:45Z
2026-09-23,VEEV,Veeva Systems,2.0,0.1251407776463619,USD,270.9800109863281,1.0,270.9800109863281,2026-09-23,33.910649301448814,20.0,13.910649301448814,69.55324650724407,yfinance,2026-09-23T18:14:45Z
2026-09-23,VRT,Vertiv,5.0,0.1522672617580549,USD,250.77999877929688,1.0,250.77999877929688,2026-09-23,38.18558371781189,50.0,-11.814416282188112,-23.628832564376225,yfinance,2026-09-23T18:14:45Z
2026-09-24,000660.KS,SK Hynix,8.0,0.0625538166478737,KRW,1862000.0,0.0007303268212525,1359.868541172175,2026-09-23,85.06496738969572,80.0,5.064967389695724,6.331209237119655,yfinance,2026-09-24T18:09:27Z
2026-09-24,AVGO,Broadcom,10.0,0.2417444256507892,USD,349.2650146484375,1.0,349.2650146484375,2026-09-24,84.43287036610101,100.0,-15.567129633898986,-15.567129633898984,yfinance,2026-09-24T18:09:27Z
2026-09-24,CASH,Cash,10.0,100.0,USD,1.0,1.0,1.0,2026-09-24,100.0,100.0,0.0,0.0,cash,2026-09-24T18:09:27Z
2026-09-24,CEG,Constellation Energy,5.0,0.1687260186663456,USD,262.04998779296875,1.0,262.04998779296875,2026-09-24,44.214651131872095,50.0,-5.785348868127905,-11.57069773625581,yfinance,2026-09-24T18:09:27Z
2026-09-24,GOOGL,Alphabet,15.0,0.3891454452478011,USD,342.2699890136719,1.0,342.2699890136719,2026-09-24,133.19280726968535,150.0,-16.807192730314654,-11.204795153543104,yfinance,2026-09-24T18:09:27Z
2026-09-24,MCO,Moody's,2.0,0.0444681598313336,USD,467.6099853515625,1.0,467.6099853515625,2026-09-24,20.79375556734088,20.0,0.7937555673408738,3.9687778367043696,yfinance,2026-09-24T18:09:27Z
2026-09-24,MSCI,MSCI,2.0,0.0339052007771873,USD,557.760009765625,1.0,557.760009765625,2026-09-24,18.910965116589484,20.0,-1.089034883410516,-5.445174417052581,yfinance,2026-09-24T18:09:27Z
2026-09-24,MSFT,Microsoft,18.0,0.4293689203419845,USD,495.8200073242188,1.0,495.8200073242188,2026-09-24,212.88970122875463,180.0,32.88970122875463,18.272056238197017,yfinance,2026-09-24T18:09:27Z
2026-09-24,NVDA,NVIDIA,7.0,0.323166358553396,USD,223.69000244140625,1.0,223.69000244140625,2026-09-24,72.28908353378952,70.0,2.2890835337895226,3.2701193339850323,yfinance,2026-09-24T18:09:27Z
2026-09-24,SPGI,S&P Global,2.0,0.047848035759865,USD,404.7799987792969,1.0,404.7799987792969,2026-09-24,19.36792785646991,20.0,-0.6320721435300882,-3.1603607176504416,yfinance,2026-09-24T18:09:27Z
2026-09-24,TER,Teradyne,7.0,0.1958589848780872,USD,383.8550109863281,1.0,383.8550109863281,2026-09-24,75.18145279214924,70.0,5.181452792149244,7.402075417356063,yfinance,2026-09-24T18:09:27Z
2026-09-24,TSM,TSMC,7.0,0.1719669363096472,USD,448.0299987792969,1.0,448.0299987792969,2026-09-24,77.04634626489067,70.0,7.046346264890673,10.066208949843816,yfinance,2026-09-24T18:09:27Z
2026-09-24,VEEV,Veeva Systems,2.0,0.1251407776463619,USD,273.0799865722656,1.0,273.0799865722656,2026-09-24,34.173441879311405,20.0,14.173441879311405,70.86720939655702,yfinance,2026-09-24T18:09:27Z
2026-09-24,VRT,Vertiv,5.0,0.1522672617580549,USD,243.6699981689453,1.0,243.6699981689453,2026-09-24,37.10296339377555,50.0,-12.897036606224448,-25.794073212448893,yfinance,2026-09-24T18:09:27Z
2026-09-25,000660.KS,SK Hynix,8.0,0.0625538166478737,KRW,1862000.0,0.0007376535108552,1373.5108372124223,2026-09-23,85.91834507485339,80.0,5.918345074853392,7.397931343566739,yfinance,2026-09-25T18:12:39Z
2026-09-25,AVGO,Broadcom,10.0,0.2417444256507892,USD,353.0599975585937,1.0,353.0599975585937,2026-09-25,85.3502863300713,100.0,-14.6497136699287,-14.6497136699287,yfinance,2026-09-25T18:12:39Z
2026-09-25,CASH,Cash,10.0,100.0,USD,1.0,1.0,1.0,2026-09-25,100.0,100.0,0.0,0.0,cash,2026-09-25T18:12:39Z
2026-09-25,CEG,Constellation Energy,5.0,0.1687260186663456,USD,261.9750061035156,1.0,261.9750061035156,2026-09-25,44.20199976993779,50.0,-5.798000230062208,-11.596000460124417,yfinance,2026-09-25T18:12:39Z
2026-09-25,GOOGL,Alphabet,15.0,0.3891454452478011,USD,344.0599975585937,1.0,344.0599975585937,2026-09-25,133.88938094189635,150.0,-16.11061905810365,-10.740412705402434,yfinance,2026-09-25T18:12:39Z
2026-09-25,MCO,Moody's,2.0,0.0444681598313336,USD,468.6549987792969,1.0,468.6549987792969,2026-09-25,20.84022539147125,20.0,0.8402253914712539,4.201126957356269,yfinance,2026-09-25T18:12:39Z
2026-09-25,MSCI,MSCI,2.0,0.0339052007771873,USD,552.2000122070312,1.0,552.2000122070312,2026-09-25,18.72245228304469,20.0,-1.277547716955311,-6.387738584776556,yfinance,2026-09-25T18:12:39Z
2026-09-25,MSFT,Microsoft,18.0,0.4293689203419845,USD,517.77001953125,1.0,517.77001953125,2026-09-25,222.31435427158104,180.0,42.31435427158104,23.5079745953228,yfinance,2026-09-25T18:12:39Z
2026-09-25,NVDA,NVIDIA,7.0,0.323166358553396,USD,225.0,1.0,225.0,2026-09-25,72.71243067451411,70.0,2.71243067451411,3.8749009635915854,yfinance,2026-09-25T18:12:39Z
2026-09-25,SPGI,S&P Global,2.0,0.047848035759865,USD,402.7815856933594,1.0,402.7815856933594,2026-09-25,19.27230771567099,20.0,-0.7276922843290095,-3.6384614216450473,yfinance,2026-09-25T18:12:39Z
2026-09-25,TER,Teradyne,7.0,0.1958589848780872,USD,396.7550048828125,1.0,396.7550048828125,2026-09-25,77.70803250164819,70.0,7.708032501648191,11.011475002354558,yfinance,2026-09-25T18:12:39Z
2026-09-25,TSM,TSMC,7.0,0.1719669363096472,USD,451.4400024414063,1.0,451.4400024414063,2026-09-25,77.6327541474683,70.0,7.632754147468304,10.903934496383291,yfinance,2026-09-25T18:12:39Z
2026-09-25,VEEV,Veeva Systems,2.0,0.1251407776463619,USD,280.489990234375,1.0,280.489990234375,2026-09-25,35.10073549995016,20.0,15.100735499950162,75.50367749975081,yfinance,2026-09-25T18:12:39Z
2026-09-25,VRT,Vertiv,5.0,0.1522672617580549,USD,251.5200042724609,1.0,251.5200042724609,2026-09-25,38.2982623279419,50.0,-11.7017376720581,-23.4034753441162,yfinance,2026-09-25T18:12:39Z
2026-09-26,000660.KS,SK Hynix,8.0,0.0625538166478737,KRW,1862000.0,0.00073833430447,1374.778474923267,2026-09-23,85.99764065179347,80.0,5.997640651793475,7.497050814741843,yfinance,2026-09-26T17:36:02Z
2026-09-26,AVGO,Broadcom,10.0,0.2417444256507892,USD,352.8099975585937,1.0,352.8099975585937,2026-09-25,85.2898502236586,100.0,-14.710149776341396,-14.710149776341396,yfinance,2026-09-26T17:36:02Z
2026-09-26,CASH,Cash,10.0,100.0,USD,1.0,1.0,1.0,2026-09-26,100.0,100.0,0.0,0.0,cash,2026-09-26T17:36:02Z
2026-09-26,CEG,Constellation Energy,5.0,0.1687260186663456,USD,263.2699890136719,1.0,263.2699890136719,2026-09-25,44.420497080609415,50.0,-5.579502919390585,-11.15900583878117,yfinance,2026-09-26T17:36:02Z
2026-09-26,GOOGL,Alphabet,15.0,0.3891454452478011,USD,343.9200134277344,1.0,343.9200134277344,2026-09-25,133.83490675496543,150.0,-16.16509324503457,-10.776728830023046,yfinance,2026-09-26T17:36:02Z
2026-09-26,MCO,Moody's,2.0,0.0444681598313336,USD,468.7000122070313,1.0,468.7000122070313,2026-09-25,20.842227055770305,20.0,0.8422270557703051,4.2111352788515255,yfinance,2026-09-26T17:36:02Z
2026-09-26,MSCI,MSCI,2.0,0.0339052007771873,USD,551.3599853515625,1.0,551.3599853515625,2026-09-25,18.6939710038518,20.0,-1.306028996148207,-6.530144980741034,yfinance,2026-09-26T17:36:02Z
2026-09-26,MSFT,Microsoft,18.0,0.4293689203419845,USD,516.1699829101562,1.0,516.1699829101562,2026-09-25,221.6273482750744,180.0,41.62734827507438,23.126304597263545,yfinance,2026-09-26T17:36:02Z
2026-09-26,NVDA,NVIDIA,7.0,0.323166358553396,USD,225.07000732421875,1.0,225.07000732421875,2026-09-25,72.73505468655395,70.0,2.735054686553952,3.90722098079136,yfinance,2026-09-26T17:36:02Z
2026-09-26,SPGI,S&P Global,2.0,0.047848035759865,USD,403.2999877929688,1.0,403.2999877929688,2026-09-25,19.29711223787109,20.0,-0.7028877621289098,-3.514438810644549,yfinance,2026-09-26T17:36:02Z
2026-09-26,TER,Teradyne,7.0,0.1958589848780872,USD,398.3800048828125,1.0,398.3800048828125,2026-09-25,78.02630335207509,70.0,8.02630335207509,11.466147645821556,yfinance,2026-09-26T17:36:02Z
2026-09-26,TSM,TSMC,7.0,0.1719669363096472,USD,450.6099853515625,1.0,450.6099853515625,2026-09-25,77.49001865144322,70.0,7.490018651443222,10.70002664491889,yfinance,2026-09-26T17:36:02Z
2026-09-26,VEEV,Veeva Systems,2.0,0.1251407776463619,USD,280.67999267578125,1.0,280.67999267578125,2026-09-25,35.124512553222445,20.0,15.124512553222443,75.62256276611222,yfinance,2026-09-26T17:36:02Z
2026-09-26,VRT,Vertiv,5.0,0.1522672617580549,USD,253.27999877929688,1.0,253.27999877929688,2026-09-25,38.56625187220703,50.0,-11.433748127792974,-22.867496255585948,yfinance,2026-09-26T17:36:02Z
2026-09-27,000660.KS,SK Hynix,8.0,0.0625538166478737,KRW,1862000.0,0.0007378548922607,1373.8858093895278,2026-09-23,85.94180101566809,80.0,5.941801015668091,7.427251269585114,yfinance,2026-09-27T18:02:25Z
2026-09-27,AVGO,Broadcom,10.0,0.2417444256507892,USD,352.8099975585937,1.0,352.8099975585937,2026-09-25,85.2898502236586,100.0,-14.710149776341396,-14.710149776341396,yfinance,2026-09-27T18:02:25Z
2026-09-27,CASH,Cash,10.0,100.0,USD,1.0,1.0,1.0,2026-09-27,100.0,100.0,0.0,0.0,cash,2026-09-27T18:02:25Z
2026-09-27,CEG,Constellation Energy,5.0,0.1687260186663456,USD,263.2699890136719,1.0,263.2699890136719,2026-09-25,44.420497080609415,50.0,-5.579502919390585,-11.15900583878117,yfinance,2026-09-27T18:02:25Z
2026-09-27,GOOGL,Alphabet,15.0,0.3891454452478011,USD,343.9200134277344,1.0,343.9200134277344,2026-09-25,133.83490675496543,150.0,-16.16509324503457,-10.776728830023046,yfinance,2026-09-27T18:02:25Z
2026-09-27,MCO,Moody's,2.0,0.0444681598313336,USD,468.7000122070313,1.0,468.7000122070313,2026-09-25,20.842227055770305,20.0,0.8422270557703051,4.2111352788515255,yfinance,2026-09-27T18:02:25Z
2026-09-27,MSCI,MSCI,2.0,0.0339052007771873,USD,551.3599853515625,1.0,551.3599853515625,2026-09-25,18.6939710038518,20.0,-1.306028996148207,-6.530144980741034,yfinance,2026-09-27T18:02:25Z
2026-09-27,MSFT,Microsoft,18.0,0.4293689203419845,USD,516.1699829101562,1.0,516.1699829101562,2026-09-25,221.6273482750744,180.0,41.62734827507438,23.126304597263545,yfinance,2026-09-27T18:02:25Z
2026-09-27,NVDA,NVIDIA,7.0,0.323166358553396,USD,225.07000732421875,1.0,225.07000732421875,2026-09-25,72.73505468655395,70.0,2.735054686553952,3.90722098079136,yfinance,2026-09-27T18:02:25Z
2026-09-27,SPGI,S&P Global,2.0,0.047848035759865,USD,403.2999877929688,1.0,403.2999877929688,2026-09-25,19.29711223787109,20.0,-0.7028877621289098,-3.514438810644549,yfinance,2026-09-27T18:02:25Z
2026-09-27,TER,Teradyne,7.0,0.1958589848780872,USD,398.3800048828125,1.0,398.3800048828125,2026-09-25,78.02630335207509,70.0,8.02630335207509,11.466147645821556,yfinance,2026-09-27T18:02:25Z
2026-09-27,TSM,TSMC,7.0,0.1719669363096472,USD,450.6099853515625,1.0,450.6099853515625,2026-09-25,77.49001865144322,70.0,7.490018651443222,10.70002664491889,yfinance,2026-09-27T18:02:25Z
2026-09-27,VEEV,Veeva Systems,2.0,0.1251407776463619,USD,280.67999267578125,1.0,280.67999267578125,2026-09-25,35.124512553222445,20.0,15.124512553222443,75.62256276611222,yfinance,2026-09-27T18:02:25Z
2026-09-27,VRT,Vertiv,5.0,0.1522672617580549,USD,253.27999877929688,1.0,253.27999877929688,2026-09-25,38.56625187220703,50.0,-11.433748127792974,-22.867496255585948,yfinance,2026-09-27T18:02:25Z
2026-09-28,000660.KS,SK Hynix,8.0,0.0625538166478737,KRW,1768000.0,0.0007351319297984,1299.713251883731,2026-09-28,81.30202445314659,80.0,1.3020244531465863,1.627530566433233,yfinance,2026-09-28T20:22:10Z
2026-09-28,AVGO,Broadcom,10.0,0.2417444256507892,USD,349.57000732421875,1.0,349.57000732421875,2026-09-28,84.50660064533545,100.0,-15.493399354664549,-15.493399354664549,yfinance,2026-09-28T20:22:10Z
2026-09-28,CASH,Cash,10.0,100.0,USD,1.0,1.0,1.0,2026-09-28,100.0,100.0,0.0,0.0,cash,2026-09-28T20:22:10Z
2026-09-28,CEG,Constellation Energy,5.0,0.1687260186663456,USD,260.42999267578125,1.0,260.42999267578125,2026-09-28,43.94131580549013,50.0,-6.058684194509873,-12.117368389019743,yfinance,2026-09-28T20:22:10Z
2026-09-28,GOOGL,Alphabet,15.0,0.3891454452478011,USD,342.75,1.0,342.75,2026-09-28,133.37960135868386,150.0,-16.620398641316143,-11.08026576087743,yfinance,2026-09-28T20:22:10Z
2026-09-28,MCO,Moody's,2.0,0.0444681598313336,USD,460.0799865722656,1.0,460.0799865722656,2026-09-28,20.45891037809336,20.0,0.4589103780933534,2.294551890466767,yfinance,2026-09-28T20:22:10Z
2026-09-28,MSCI,MSCI,2.0,0.0339052007771873,USD,542.719970703125,1.0,542.719970703125,2026-09-28,18.40102957247868,20.0,-1.5989704275213192,-7.994852137606596,yfinance,2026-09-28T20:22:10Z
2026-09-28,MSFT,Microsoft,18.0,0.4293689203419845,USD,509.2200012207031,1.0,509.2200012207031,2026-09-28,218.64324214067733,180.0,38.64324214067733,21.46846785593185,yfinance,2026-09-28T20:22:10Z
2026-09-28,NVDA,NVIDIA,7.0,0.323166358553396,USD,228.8600006103516,1.0,228.8600006103516,2026-09-28,73.95985301577531,70.0,3.959853015775309,5.656932879679013,yfinance,2026-09-28T20:22:10Z
2026-09-28,SPGI,S&P Global,2.0,0.047848035759865,USD,395.9200134277344,1.0,395.9200134277344,2026-09-28,18.943994960536468,20.0,-1.056005039463532,-5.280025197317659,yfinance,2026-09-28T20:22:10Z
2026-09-28,TER,Teradyne,7.0,0.1958589848780872,USD,401.2999877929688,1.0,401.2999877929688,2026-09-28,78.59820824071966,70.0,8.598208240719657,12.28315462959951,yfinance,2026-09-28T20:22:10Z
2026-09-28,TSM,TSMC,7.0,0.1719669363096472,USD,452.8800048828125,1.0,452.8800048828125,2026-09-28,77.88038695559534,70.0,7.880386955595341,11.257695650850486,yfinance,2026-09-28T20:22:10Z
2026-09-28,VEEV,Veeva Systems,2.0,0.1251407776463619,USD,279.9599914550781,1.0,279.9599914550781,2026-09-28,35.03441104055733,20.0,15.03441104055733,75.17205520278665,yfinance,2026-09-28T20:22:10Z
2026-09-28,VRT,Vertiv,5.0,0.1522672617580549,USD,244.0399932861328,1.0,244.0399932861328,2026-09-28,37.15930153713355,50.0,-12.840698462866447,-25.68139692573289,yfinance,2026-09-28T20:22:10Z
2026-09-29,000660.KS,SK Hynix,8.0,0.0625538166478737,KRW,1765000.0,0.0007390709610971,1304.4602463365377,2026-09-29,81.59896707377594,80.0,1.5989670737759385,1.9987088422199224,yfinance,2026-09-29T19:05:52Z
2026-09-29,AVGO,Broadcom,10.0,0.2417444256507892,USD,356.3999938964844,1.0,356.3999938964844,2026-09-29,86.15771182645041,100.0,-13.84228817354959,-13.84228817354959,yfinance,2026-09-29T19:05:52Z
2026-09-29,CASH,Cash,10.0,100.0,USD,1.0,1.0,1.0,2026-09-29,100.0,100.0,0.0,0.0,cash,2026-09-29T19:05:52Z
2026-09-29,CEG,Constellation Energy,5.0,0.1687260186663456,USD,265.4005126953125,1.0,265.4005126953125,2026-09-29,44.779971859087006,50.0,-5.220028140912994,-10.440056281825989,yfinance,2026-09-29T19:05:52Z
2026-09-29,GOOGL,Alphabet,15.0,0.3891454452478011,USD,340.8099975585937,1.0,340.8099975585937,2026-09-29,132.624658244841,150.0,-17.375341755159013,-11.583561170106009,yfinance,2026-09-29T19:05:52Z
2026-09-29,MCO,Moody's,2.0,0.0444681598313336,USD,454.7950134277344,1.0,454.7950134277344,2026-09-29,20.22389734759803,20.0,0.2238973475980294,1.1194867379901474,yfinance,2026-09-29T19:05:52Z
2026-09-29,MSCI,MSCI,2.0,0.0339052007771873,USD,537.4600219726562,1.0,537.4600219726562,2026-09-29,18.222689954694424,20.0,-1.777310045305576,-8.88655022652788,yfinance,2026-09-29T19:05:52Z
2026-09-29,MSFT,Microsoft,18.0,0.4293689203419845,USD,510.8999938964844,1.0,510.8999938964844,2026-09-29,219.36457878206,180.0,39.364578782059965,21.86921043447776,yfinance,2026-09-29T19:05:52Z
2026-09-29,NVDA,NVIDIA,7.0,0.323166358553396,USD,228.3728942871093,1.0,228.3728942871093,2026-09-29,73.8024366390648,70.0,3.802436639064794,5.432052341521135,yfinance,2026-09-29T19:05:52Z
2026-09-29,SPGI,S&P Global,2.0,0.047848035759865,USD,391.2699890136719,1.0,391.2699890136719,2026-09-29,18.72150042608816,20.0,-1.2784995739118408,-6.392497869559204,yfinance,2026-09-29T19:05:52Z
2026-09-29,TER,Teradyne,7.0,0.1958589848780872,USD,402.75,1.0,402.75,2026-09-29,78.88220615964963,70.0,8.882206159649627,12.688865942356609,yfinance,2026-09-29T19:05:52Z
2026-09-29,TSM,TSMC,7.0,0.1719669363096472,USD,458.6950073242188,1.0,458.6950073242188,2026-09-29,78.8803751100771,70.0,8.880375110077097,12.686250157252996,yfinance,2026-09-29T19:05:52Z
2026-09-29,VEEV,Veeva Systems,2.0,0.1251407776463619,USD,277.5400085449219,1.0,277.5400085449219,2026-09-29,34.73157249728947,20.0,14.73157249728947,73.65786248644734,yfinance,2026-09-29T19:05:52Z
2026-09-29,VRT,Vertiv,5.0,0.1522672617580549,USD,248.7850036621093,1.0,248.7850036621093,2026-09-29,37.88181127409706,50.0,-12.11818872590294,-24.23637745180588,yfinance,2026-09-29T19:05:52Z
2026-09-30,000660.KS,SK Hynix,8.0,0.0625538166478737,KRW,1776000.0,0.0007379256775886,1310.5560033974127,2026-09-30,81.98027994329192,80.0,1.9802799432919187,2.4753499291148984,yfinance,2026-09-30T18:48:53Z
2026-09-30,AVGO,Broadcom,10.0,0.2417444256507892,USD,353.4549865722656,1.0,353.4549865722656,2026-09-30,85.44577272231977,100.0,-14.554227277680226,-14.554227277680226,yfinance,2026-09-30T18:48:53Z
2026-09-30,CASH,Cash,10.0,100.0,USD,1.0,1.0,1.0,2026-09-30,100.0,100.0,0.0,0.0,cash,2026-09-30T18:48:53Z
2026-09-30,CEG,Constellation Energy,5.0,0.1687260186663456,USD,252.6999969482422,1.0,252.6999969482422,2026-09-30,42.6370644020746,50.0,-7.3629355979254,-14.7258711958508,yfinance,2026-09-30T18:48:53Z
2026-09-30,GOOGL,Alphabet,15.0,0.3891454452478011,USD,349.135009765625,1.0,349.135009765625,2026-09-30,135.86429882683953,150.0,-14.13570117316047,-9.42380078210698,yfinance,2026-09-30T18:48:53Z
2026-09-30,MCO,Moody's,2.0,0.0444681598313336,USD,455.9700012207031,1.0,455.9700012207031,2026-09-30,20.276146892575632,20.0,0.2761468925756318,1.3807344628781593,yfinance,2026-09-30T18:48:53Z
2026-09-30,MSCI,MSCI,2.0,0.0339052007771873,USD,539.4299926757812,1.0,539.4299926757812,2026-09-30,18.289482206909057,20.0,-1.7105177930909434,-8.552588965454717,yfinance,2026-09-30T18:48:53Z
2026-09-30,MSFT,Microsoft,18.0,0.4293689203419845,USD,517.8104248046875,1.0,517.8104248046875,2026-09-30,222.331703040213,180.0,42.331703040213,23.517612800118336,yfinance,2026-09-30T18:48:53Z
2026-09-30,NVDA,NVIDIA,7.0,0.323166358553396,USD,230.4949951171875,1.0,230.4949951171875,2026-09-30,74.48822823680429,70.0,4.488228236804289,6.411754624006127,yfinance,2026-09-30T18:48:53Z
2026-09-30,SPGI,S&P Global,2.0,0.047848035759865,USD,395.7200012207031,1.0,395.7200012207031,2026-09-30,18.934424769302023,20.0,-1.0655752306979736,-5.327876153489868,yfinance,2026-09-30T18:48:53Z
2026-09-30,TER,Teradyne,7.0,0.1958589848780872,USD,400.4500122070313,1.0,400.4500122070313,2026-09-30,78.43173288528678,70.0,8.431732885286777,12.045332693266824,yfinance,2026-09-30T18:48:53Z
2026-09-30,TSM,TSMC,7.0,0.1719669363096472,USD,457.3016052246094,1.0,457.3016052246094,2026-09-30,78.64075601995985,70.0,8.640756019959852,12.343937171371218,yfinance,2026-09-30T18:48:53Z
2026-09-30,VEEV,Veeva Systems,2.0,0.1251407776463619,USD,285.8399963378906,1.0,285.8399963378906,2026-09-30,35.77023942415689,20.0,15.770239424156893,78.85119712078446,yfinance,2026-09-30T18:48:53Z
2026-09-30,VRT,Vertiv,5.0,0.1522672617580549,USD,242.8099060058593,1.0,242.8099060058593,2026-09-30,36.9719995152429,50.0,-13.0280004847571,-26.056000969514205,yfinance,2026-09-30T18:48:53Z
2026-10-01,000660.KS,SK Hynix,8.0,0.0625538166478737,KRW,1833000.0,0.000735477968655,1348.1311165447978,2026-10-01,84.33074668163654,80.0,4.3307466816365405,5.413433352045676,yfinance,2026-10-01T19:15:21Z
2026-10-01,AVGO,Broadcom,10.0,0.2417444256507892,USD,347.0899963378906,1.0,347.0899963378906,2026-10-01,83.90707181383792,100.0,-16.092928186162084,-16.092928186162084,yfinance,2026-10-01T19:15:21Z
2026-10-01,CASH,Cash,10.0,100.0,USD,1.0,1.0,1.0,2026-10-01,100.0,100.0,0.0,0.0,cash,2026-10-01T19:15:21Z
2026-10-01,CEG,Constellation Energy,5.0,0.1687260186663456,USD,258.8699951171875,1.0,258.8699951171875,2026-10-01,43.67810362829938,50.0,-6.321896371700618,-12.643792743401235,yfinance,2026-10-01T19:15:21Z
2026-10-01,GOOGL,Alphabet,15.0,0.3891454452478011,USD,339.0299987792969,1.0,339.0299987792969,2026-10-01,131.93197982733096,150.0,-18.06802017266904,-12.045346781779358,yfinance,2026-10-01T19:15:21Z
2026-10-01,MCO,Moody's,2.0,0.0444681598313336,USD,447.7149963378906,1.0,447.7149963378906,2026-10-01,19.909062016038284,20.0,-0.0909379839617159,-0.4546899198085796,yfinance,2026-10-01T19:15:21Z
2026-10-01,MSCI,MSCI,2.0,0.0339052007771873,USD,548.8099975585938,1.0,548.8099975585938,2026-10-01,18.60751315575181,20.0,-1.3924868442481897,-6.962434221240947,yfinance,2026-10-01T19:15:21Z
2026-10-01,MSFT,Microsoft,18.0,0.4293689203419845,USD,516.2050170898438,1.0,516.2050170898438,2026-10-01,221.64239086298187,180.0,41.64239086298187,23.134661590545484,yfinance,2026-10-01T19:15:21Z
2026-10-01,NVDA,NVIDIA,7.0,0.323166358553396,USD,231.63999938964844,1.0,231.63999938964844,2026-10-01,74.85825509806357,70.0,4.858255098063566,6.940364425805094,yfinance,2026-10-01T19:15:21Z
2026-10-01,SPGI,S&P Global,2.0,0.047848035759865,USD,389.239990234375,1.0,389.239990234375,2026-10-01,18.62436897190388,20.0,-1.3756310280961197,-6.878155140480597,yfinance,2026-10-01T19:15:21Z
2026-10-01,TER,Teradyne,7.0,0.1958589848780872,USD,413.6900024414063,1.0,413.6900024414063,2026-10-01,81.02490393238726,70.0,11.02490393238726,15.74986276055323,yfinance,2026-10-01T19:15:21Z
2026-10-01,TSM,TSMC,7.0,0.1719669363096472,USD,458.1199951171875,1.0,458.1199951171875,2026-10-01,78.78149202249328,70.0,8.781492022493282,12.544988603561832,yfinance,2026-10-01T19:15:21Z
2026-10-01,VEEV,Veeva Systems,2.0,0.1251407776463619,USD,284.635009765625,1.0,284.635009765625,2026-10-01,35.619446467450146,20.0,15.619446467450146,78.09723233725073,yfinance,2026-10-01T19:15:21Z
2026-10-01,VRT,Vertiv,5.0,0.1522672617580549,USD,247.65499877929688,1.0,247.65499877929688,2026-10-01,37.70974852481797,50.0,-12.290251475182032,-24.580502950364064,yfinance,2026-10-01T19:15:21Z
2026-10-02,000660.KS,SK Hynix,8.0,0.0625538166478737,KRW,1841000.0,0.0007432623027285,1368.3458993233428,2026-10-02,85.59525849714224,80.0,5.59525849714224,6.994073121427799,yfinance,2026-10-02T18:57:13Z
2026-10-02,AVGO,Broadcom,10.0,0.2417444256507892,USD,355.44000244140625,1.0,355.44000244140625,2026-10-02,85.92563924351288,100.0,-14.074360756487124,-14.074360756487126,yfinance,2026-10-02T18:57:13Z
2026-10-02,CASH,Cash,10.0,100.0,USD,1.0,1.0,1.0,2026-10-02,100.0,100.0,0.0,0.0,cash,2026-10-02T18:57:13Z
2026-10-02,CEG,Constellation Energy,5.0,0.1687260186663456,USD,255.0599975585937,1.0,255.0599975585937,2026-10-02,43.03525790910936,50.0,-6.964742090890638,-13.929484181781277,yfinance,2026-10-02T18:57:13Z
2026-10-02,GOOGL,Alphabet,15.0,0.3891454452478011,USD,342.9800109863281,1.0,342.9800109863281,2026-10-02,133.4691090863704,150.0,-16.530890913629605,-11.020593942419737,yfinance,2026-10-02T18:57:13Z
2026-10-02,MCO,Moody's,2.0,0.0444681598313336,USD,439.2950134277344,1.0,439.2950134277344,2026-10-02,19.53464087021236,20.0,-0.4653591297876396,-2.326795648938198,yfinance,2026-10-02T18:57:13Z
2026-10-02,MSCI,MSCI,2.0,0.0339052007771873,USD,538.6799926757812,1.0,538.6799926757812,2026-10-02,18.264053306326165,20.0,-1.735946693673835,-8.679733468369175,yfinance,2026-10-02T18:57:13Z
2026-10-02,MSFT,Microsoft,18.0,0.4293689203419845,USD,515.0700073242188,1.0,515.0700073242188,2026-10-02,221.15505294533784,180.0,41.15505294533784,22.86391830296547,yfinance,2026-10-02T18:57:13Z
2026-10-02,NVDA,NVIDIA,7.0,0.323166358553396,USD,234.5200042724609,1.0,234.5200042724609,2026-10-02,75.78897578865808,70.0,5.788975788658078,8.269965412368684,yfinance,2026-10-02T18:57:13Z
2026-10-02,SPGI,S&P Global,2.0,0.047848035759865,USD,383.4249877929688,1.0,383.4249877929688,2026-10-02,18.346132527143773,20.0,-1.653867472856227,-8.269337364281135,yfinance,2026-10-02T18:57:13Z
2026-10-02,TER,Teradyne,7.0,0.1958589848780872,USD,451.1449890136719,1.0,451.1449890136719,2026-10-02,88.36079958105358,70.0,18.360799581053584,26.22971368721941,yfinance,2026-10-02T18:57:13Z
2026-10-02,TSM,TSMC,7.0,0.1719669363096472,USD,472.3500061035156,1.0,472.3500061035156,2026-10-02,81.22858341546475,70.0,11.228583415464756,16.040833450663936,yfinance,2026-10-02T18:57:13Z
2026-10-02,VEEV,Veeva Systems,2.0,0.1251407776463619,USD,273.75,1.0,273.75,2026-10-02,34.25728788069159,20.0,14.257287880691592,71.28643940345796,yfinance,2026-10-02T18:57:13Z
2026-10-02,VRT,Vertiv,5.0,0.1522672617580549,USD,252.63999938964844,1.0,252.63999938964844,2026-10-02,38.46880091761843,50.0,-11.531199082381567,-23.06239816476313,yfinance,2026-10-02T18:57:13Z
2026-10-03,000660.KS,SK Hynix,8.0,0.0625538166478737,KRW,1841000.0,0.0007448734033458,1371.3119355597216,2026-10-02,85.78079538404364,80.0,5.780795384043643,7.225994230054552,yfinance,2026-10-03T17:44:44Z
2026-10-03,AVGO,Broadcom,10.0,0.2417444256507892,USD,355.1400146484375,1.0,355.1400146484375,2026-10-02,85.8531188667994,100.0,-14.146881133200594,-14.146881133200594,yfinance,2026-10-03T17:44:44Z
2026-10-03,CASH,Cash,10.0,100.0,USD,1.0,1.0,1.0,2026-10-03,100.0,100.0,0.0,0.0,cash,2026-10-03T17:44:44Z
2026-10-03,CEG,Constellation Energy,5.0,0.1687260186663456,USD,257.489990234375,1.0,257.489990234375,2026-10-02,43.44526089868232,50.0,-6.554739101317686,-13.109478202635373,yfinance,2026-10-03T17:44:44Z
2026-10-03,GOOGL,Alphabet,15.0,0.3891454452478011,USD,343.5,1.0,343.5,2026-10-02,133.6714604426197,150.0,-16.32853955738031,-10.88569303825354,yfinance,2026-10-03T17:44:44Z
2026-10-03,MCO,Moody's,2.0,0.0444681598313336,USD,441.3599853515625,1.0,441.3599853515625,2026-10-02,19.62646637176837,20.0,-0.3735336282316339,-1.8676681411581697,yfinance,2026-10-03T17:44:44Z
2026-10-03,MSCI,MSCI,2.0,0.0339052007771873,USD,535.9500122070312,1.0,535.9500122070312,2026-10-02,18.171492770415394,20.0,-1.8285072295846057,-9.142536147923028,yfinance,2026-10-03T17:44:44Z
2026-10-03,MSFT,Microsoft,18.0,0.4293689203419845,USD,517.530029296875,1.0,517.530029296875,2026-10-02,222.2113099237548,180.0,42.21130992375481,23.45072773541934,yfinance,2026-10-03T17:44:44Z
2026-10-03,NVDA,NVIDIA,7.0,0.323166358553396,USD,233.9499969482422,1.0,233.9499969482422,2026-10-02,75.60476859734155,70.0,5.604768597341547,8.006812281916496,yfinance,2026-10-03T17:44:44Z
2026-10-03,SPGI,S&P Global,2.0,0.047848035759865,USD,386.2699890136719,1.0,386.2699890136719,2026-10-02,18.482260247288835,20.0,-1.5177397527111651,-7.588698763555826,yfinance,2026-10-03T17:44:44Z
2026-10-03,TER,Teradyne,7.0,0.1958589848780872,USD,449.0400085449219,1.0,449.0400085449219,2026-10-02,87.94852024325601,70.0,17.948520243256013,25.640743204651447,yfinance,2026-10-03T17:44:44Z
2026-10-03,TSM,TSMC,7.0,0.1719669363096472,USD,472.7799987792969,1.0,472.7799987792969,2026-10-02,81.30252793855445,70.0,11.302527938554448,16.146468483649212,yfinance,2026-10-03T17:44:44Z
2026-10-03,VEEV,Veeva Systems,2.0,0.1251407776463619,USD,273.3299865722656,1.0,273.3299865722656,2026-10-02,34.204727073723,20.0,14.204727073723,71.023635368615,yfinance,2026-10-03T17:44:44Z
2026-10-03,VRT,Vertiv,5.0,0.1522672617580549,USD,252.17999267578125,1.0,252.17999267578125,2026-10-02,38.398756954907554,50.0,-11.601243045092446,-23.20248609018489,yfinance,2026-10-03T17:44:44Z
2026-10-04,000660.KS,SK Hynix,8.0,0.0625538166478737,KRW,1841000.0,0.0007448734033458,1371.3119355597216,2026-10-02,85.78079538404364,80.0,5.780795384043643,7.225994230054552,yfinance,2026-10-04T17:58:03Z
2026-10-04,AVGO,Broadcom,10.0,0.2417444256507892,USD,355.1400146484375,1.0,355.1400146484375,2026-10-02,85.8531188667994,100.0,-14.146881133200594,-14.146881133200594,yfinance,2026-10-04T17:58:03Z
2026-10-04,CASH,Cash,10.0,100.0,USD,1.0,1.0,1.0,2026-10-04,100.0,100.0,0.0,0.0,cash,2026-10-04T17:58:03Z
2026-10-04,CEG,Constellation Energy,5.0,0.1687260186663456,USD,257.489990234375,1.0,257.489990234375,2026-10-02,43.44526089868232,50.0,-6.554739101317686,-13.109478202635373,yfinance,2026-10-04T17:58:03Z
2026-10-04,GOOGL,Alphabet,15.0,0.3891454452478011,USD,343.5,1.0,343.5,2026-10-02,133.6714604426197,150.0,-16.32853955738031,-10.88569303825354,yfinance,2026-10-04T17:58:03Z
2026-10-04,MCO,Moody's,2.0,0.0444681598313336,USD,441.3599853515625,1.0,441.3599853515625,2026-10-02,19.62646637176837,20.0,-0.3735336282316339,-1.8676681411581697,yfinance,2026-10-04T17:58:03Z
2026-10-04,MSCI,MSCI,2.0,0.0339052007771873,USD,535.9500122070312,1.0,535.9500122070312,2026-10-02,18.171492770415394,20.0,-1.8285072295846057,-9.142536147923028,yfinance,2026-10-04T17:58:03Z
2026-10-04,MSFT,Microsoft,18.0,0.4293689203419845,USD,517.530029296875,1.0,517.530029296875,2026-10-02,222.2113099237548,180.0,42.21130992375481,23.45072773541934,yfinance,2026-10-04T17:58:03Z
2026-10-04,NVDA,NVIDIA,7.0,0.323166358553396,USD,233.9499969482422,1.0,233.9499969482422,2026-10-02,75.60476859734155,70.0,5.604768597341547,8.006812281916496,yfinance,2026-10-04T17:58:03Z
2026-10-04,SPGI,S&P Global,2.0,0.047848035759865,USD,386.2699890136719,1.0,386.2699890136719,2026-10-02,18.482260247288835,20.0,-1.5177397527111651,-7.588698763555826,yfinance,2026-10-04T17:58:03Z
2026-10-04,TER,Teradyne,7.0,0.1958589848780872,USD,449.0400085449219,1.0,449.0400085449219,2026-10-02,87.94852024325601,70.0,17.948520243256013,25.640743204651447,yfinance,2026-10-04T17:58:03Z
2026-10-04,TSM,TSMC,7.0,0.1719669363096472,USD,472.7799987792969,1.0,472.7799987792969,2026-10-02,81.30252793855445,70.0,11.302527938554448,16.146468483649212,yfinance,2026-10-04T17:58:03Z
2026-10-04,VEEV,Veeva Systems,2.0,0.1251407776463619,USD,273.3299865722656,1.0,273.3299865722656,2026-10-02,34.204727073723,20.0,14.204727073723,71.023635368615,yfinance,2026-10-04T17:58:03Z
2026-10-04,VRT,Vertiv,5.0,0.1522672617580549,USD,252.17999267578125,1.0,252.17999267578125,2026-10-02,38.398756954907554,50.0,-11.601243045092446,-23.20248609018489,yfinance,2026-10-04T17:58:03Z
2026-10-05,000660.KS,SK Hynix,8.0,0.0625538166478737,KRW,1841000.0,0.0007453452994978,1372.1806963756037,2026-10-02,85.83513968883118,80.0,5.835139688831177,7.293924611038971,yfinance,2026-10-05T21:26:08Z
2026-10-05,AVGO,Broadcom,10.0,0.2417444256507892,USD,362.510009765625,1.0,362.510009765625,2026-10-05,87.63477410345301,100.0,-12.365225896546988,-12.365225896546988,yfinance,2026-10-05T21:26:08Z
2026-10-05,CASH,Cash,10.0,100.0,USD,1.0,1.0,1.0,2026-10-05,100.0,100.0,0.0,0.0,cash,2026-10-05T21:26:08Z
2026-10-05,CEG,Constellation Energy,5.0,0.1687260186663456,USD,267.6199951171875,1.0,267.6199951171875,2026-10-05,45.15445629162991,50.0,-4.845543708370087,-9.691087416740174,yfinance,2026-10-05T21:26:08Z
2026-10-05,GOOGL,Alphabet,15.0,0.3891454452478011,USD,346.4700012207031,1.0,346.4700012207031,2026-10-05,134.82722289003672,150.0,-15.172777109963278,-10.115184739975518,yfinance,2026-10-05T21:26:08Z
2026-10-05,MCO,Moody's,2.0,0.0444681598313336,USD,448.1499938964844,1.0,448.1499938964844,2026-10-05,19.928405557000072,20.0,-0.0715944429999275,-0.3579722149996378,yfinance,2026-10-05T21:26:08Z
2026-10-05,MSCI,MSCI,2.0,0.0339052007771873,USD,552.3499755859375,1.0,552.3499755859375,2026-10-05,18.72753682151573,20.0,-1.2724631784842693,-6.362315892421347,yfinance,2026-10-05T21:26:08Z
2026-10-05,MSFT,Microsoft,18.0,0.4293689203419845,USD,525.1799926757812,1.0,525.1799926757812,2026-10-05,225.4959664404115,180.0,45.49596644041151,25.275536911339724,yfinance,2026-10-05T21:26:08Z
2026-10-05,NVDA,NVIDIA,7.0,0.323166358553396,USD,238.8999938964844,1.0,238.8999938964844,2026-10-05,77.2044410859554,70.0,7.204441085955395,10.292058694221993,yfinance,2026-10-05T21:26:08Z
2026-10-05,SPGI,S&P Global,2.0,0.047848035759865,USD,390.9200134277344,1.0,390.9200134277344,2026-10-05,18.704754781737144,20.0,-1.2952452182628562,-6.476226091314281,yfinance,2026-10-05T21:26:08Z
2026-10-05,TER,Teradyne,7.0,0.1958589848780872,USD,444.5299987792969,1.0,444.5299987792969,2026-10-05,87.06519430877044,70.0,17.065194308770444,24.378849012529205,yfinance,2026-10-05T21:26:08Z
2026-10-05,TSM,TSMC,7.0,0.1719669363096472,USD,485.7999877929688,1.0,485.7999877929688,2026-10-05,83.54153556002086,70.0,13.54153556002086,19.345050800029803,yfinance,2026-10-05T21:26:08Z
2026-10-05,VEEV,Veeva Systems,2.0,0.1251407776463619,USD,283.45001220703125,1.0,283.45001220703125,2026-10-05,35.471154951458686,20.0,15.471154951458686,77.35577475729343,yfinance,2026-10-05T21:26:08Z
2026-10-05,VRT,Vertiv,5.0,0.1522672617580549,USD,253.6199951171875,1.0,253.6199951171875,2026-10-05,38.6180221835854,50.0,-11.381977816414604,-22.76395563282921,yfinance,2026-10-05T21:26:08Z
2026-10-06,000660.KS,SK Hynix,8.0,0.0625538166478737,KRW,1773000.0,0.0007477586181873,1325.776030046168,2026-10-06,82.9323506996539,80.0,2.932350699653896,3.6654383745673687,yfinance,2026-10-06T19:17:41Z
2026-10-06,AVGO,Broadcom,10.0,0.2417444256507892,USD,377.68499755859375,1.0,377.68499755859375,2026-10-06,91.303242811722,100.0,-8.696757188278013,-8.696757188278013,yfinance,2026-10-06T19:17:41Z
2026-10-06,CASH,Cash,10.0,100.0,USD,1.0,1.0,1.0,2026-10-06,100.0,100.0,0.0,0.0,cash,2026-10-06T19:17:41Z
2026-10-06,CEG,Constellation Energy,5.0,0.1687260186663456,USD,299.04180908203125,1.0,299.04180908203125,2026-10-06,50.456133861192576,50.0,0.4561338611925762,0.9122677223851524,yfinance,2026-10-06T19:17:41Z
2026-10-06,GOOGL,Alphabet,15.0,0.3891454452478011,USD,348.0199890136719,1.0,348.0199890136719,2026-10-06,135.4303935798602,150.0,-14.569606420139792,-9.71307094675986,yfinance,2026-10-06T19:17:41Z
2026-10-06,MCO,Moody's,2.0,0.0444681598313336,USD,450.9200134277344,1.0,450.9200134277344,2026-10-06,20.05158322825161,20.0,0.0515832282516122,0.257916141258061,yfinance,2026-10-06T19:17:41Z
2026-10-06,MSCI,MSCI,2.0,0.0339052007771873,USD,555.9099731445312,1.0,555.9099731445312,2026-10-06,18.84823925350615,20.0,-1.1517607464938493,-5.758803732469247,yfinance,2026-10-06T19:17:41Z
2026-10-06,MSFT,Microsoft,18.0,0.4293689203419845,USD,531.5449829101562,1.0,531.5449829101562,2026-10-06,228.2288954253324,180.0,48.22889542533238,26.793830791851324,yfinance,2026-10-06T19:17:41Z
2026-10-06,NVDA,NVIDIA,7.0,0.323166358553396,USD,239.85989379882807,1.0,239.85989379882807,2026-10-06,77.51464844197159,70.0,7.5146484419715875,10.73521205995941,yfinance,2026-10-06T19:17:41Z
2026-10-06,SPGI,S&P Global,2.0,0.047848035759865,USD,395.6499938964844,1.0,395.6499938964844,2026-10-06,18.93107505634936,20.0,-1.068924943650643,-5.344624718253215,yfinance,2026-10-06T19:17:41Z
2026-10-06,TER,Teradyne,7.0,0.1958589848780872,USD,430.6549987792969,1.0,430.6549987792969,2026-10-06,84.34765089358697,70.0,14.347650893586971,20.49664413369568,yfinance,2026-10-06T19:17:41Z
2026-10-06,TSM,TSMC,7.0,0.1719669363096472,USD,484.0350036621094,1.0,484.0350036621094,2026-10-06,83.23801664640183,70.0,13.238016646401832,18.911452352002616,yfinance,2026-10-06T19:17:41Z
2026-10-06,VEEV,Veeva Systems,2.0,0.1251407776463619,USD,283.9200134277344,1.0,283.9200134277344,2026-10-06,35.52997126971221,20.0,15.529971269712211,77.64985634856106,yfinance,2026-10-06T19:17:41Z
2026-10-06,VRT,Vertiv,5.0,0.1522672617580549,USD,252.6100006103516,1.0,252.6100006103516,2026-10-06,38.46423308563881,50.0,-11.53576691436119,-23.07153382872238,yfinance,2026-10-06T19:17:41Z
2026-10-07,000660.KS,SK Hynix,8.0,0.0625538166478737,KRW,1723000.0,0.0007469766230602,1287.0407215327318,2026-10-07,80.50930931310559,80.0,0.5093093131055895,0.6366366413819868,yfinance,2026-10-07T19:42:46Z
2026-10-07,AVGO,Broadcom,10.0,0.2417444256507892,USD,375.05999755859375,1.0,375.05999755859375,2026-10-07,90.66866369438866,100.0,-9.331336305611345,-9.331336305611345,yfinance,2026-10-07T19:42:46Z
2026-10-07,CASH,Cash,10.0,100.0,USD,1.0,1.0,1.0,2026-10-07,100.0,100.0,0.0,0.0,cash,2026-10-07T19:42:46Z
2026-10-07,CEG,Constellation Energy,5.0,0.1687260186663456,USD,297.75,1.0,297.75,2026-10-07,50.238172057904414,50.0,0.2381720579044142,0.4763441158088284,yfinance,2026-10-07T19:42:46Z
2026-10-07,GOOGL,Alphabet,15.0,0.3891454452478011,USD,349.9549865722656,1.0,349.9549865722656,2026-10-07,136.1833890663526,150.0,-13.81661093364741,-9.211073955764942,yfinance,2026-10-07T19:42:46Z
2026-10-07,MCO,Moody's,2.0,0.0444681598313336,USD,449.3999938964844,1.0,449.3999938964844,2026-10-07,19.98399075678924,20.0,-0.0160092432107603,-0.0800462160538018,yfinance,2026-10-07T19:42:46Z
2026-10-07,MSCI,MSCI,2.0,0.0339052007771873,USD,554.9434814453125,1.0,554.9434814453125,2026-10-07,18.815470158394653,20.0,-1.1845298416053467,-5.922649208026733,yfinance,2026-10-07T19:42:46Z
2026-10-07,MSFT,Microsoft,18.0,0.4293689203419845,USD,529.5280151367188,1.0,529.5280151367188,2026-10-07,227.36287215008696,180.0,47.36287215008696,26.31270675004831,yfinance,2026-10-07T19:42:46Z
2026-10-07,NVDA,NVIDIA,7.0,0.323166358553396,USD,237.0599975585937,1.0,237.0599975585937,2026-10-07,76.6098161696877,70.0,6.609816169687704,9.442594528125293,yfinance,2026-10-07T19:42:46Z
2026-10-07,SPGI,S&P Global,2.0,0.047848035759865,USD,395.0700073242188,1.0,395.0700073242188,2026-10-07,18.90332383809935,20.0,-1.0966761619006498,-5.483380809503249,yfinance,2026-10-07T19:42:46Z
2026-10-07,TER,Teradyne,7.0,0.1958589848780872,USD,412.5350036621094,1.0,412.5350036621094,2026-10-07,80.79868704393874,70.0,10.798687043938742,15.426695777055349,yfinance,2026-10-07T19:42:46Z
2026-10-07,TSM,TSMC,7.0,0.1719669363096472,USD,473.6199951171875,1.0,473.6199951171875,2026-10-07,81.44697953529283,70.0,11.446979535292826,16.352827907561178,yfinance,2026-10-07T19:42:46Z
2026-10-07,VEEV,Veeva Systems,2.0,0.1251407776463619,USD,283.1700134277344,1.0,283.1700134277344,2026-10-07,35.43611568647744,20.0,15.436115686477445,77.18057843238722,yfinance,2026-10-07T19:42:46Z
2026-10-07,VRT,Vertiv,5.0,0.1522672617580549,USD,245.0426025390625,1.0,245.0426025390625,2026-10-07,37.31196610269044,50.0,-12.68803389730956,-25.37606779461912,yfinance,2026-10-07T19:42:46Z
2026-10-08,000660.KS,SK Hynix,8.0,0.0625538166478737,KRW,1681000.0,0.0007450010267409,1252.3467259514814,2026-10-08,78.33906747473391,80.0,-1.660932525266091,-2.0761656565826137,yfinance,2026-10-08T19:39:08Z
2026-10-08,AVGO,Broadcom,10.0,0.2417444256507892,USD,357.94000244140625,1.0,357.94000244140625,2026-10-08,86.53000030763985,100.0,-13.469999692360147,-13.469999692360146,yfinance,2026-10-08T19:39:08Z
2026-10-08,CASH,Cash,10.0,100.0,USD,1.0,1.0,1.0,2026-10-08,100.0,100.0,0.0,0.0,cash,2026-10-08T19:39:08Z
2026-10-08,CEG,Constellation Energy,5.0,0.1687260186663456,USD,284.04998779296875,1.0,284.04998779296875,2026-10-08,47.9266235425317,50.0,-2.0733764574683,-4.146752914936599,yfinance,2026-10-08T19:39:08Z
2026-10-08,GOOGL,Alphabet,15.0,0.3891454452478011,USD,347.9700012207031,1.0,347.9700012207031,2026-10-08,135.41094105790842,150.0,-14.589058942091585,-9.72603929472772,yfinance,2026-10-08T19:39:08Z
2026-10-08,MCO,Moody's,2.0,0.0444681598313336,USD,458.2200012207031,1.0,458.2200012207031,2026-10-08,20.37620025219613,20.0,0.3762002521961314,1.881001260980657,yfinance,2026-10-08T19:39:08Z
2026-10-08,MSCI,MSCI,2.0,0.0339052007771873,USD,562.385009765625,1.0,562.385009765625,2026-10-08,19.06777667018397,20.0,-0.9322233298160256,-4.661116649080128,yfinance,2026-10-08T19:39:08Z
2026-10-08,MSFT,Microsoft,18.0,0.4293689203419845,USD,522.4500122070312,1.0,522.4500122070312,2026-10-08,224.3237976739896,180.0,44.32379767398962,24.624332041105344,yfinance,2026-10-08T19:39:08Z
2026-10-08,NVDA,NVIDIA,7.0,0.323166358553396,USD,230.4900054931641,1.0,230.4900054931641,2026-10-08,74.48661575817808,70.0,4.486615758178076,6.409451083111536,yfinance,2026-10-08T19:39:08Z
2026-10-08,SPGI,S&P Global,2.0,0.047848035759865,USD,402.1400146484375,1.0,402.1400146484375,2026-10-08,19.24160980137108,20.0,-0.7583901986289234,-3.7919509931446176,yfinance,2026-10-08T19:39:08Z
2026-10-08,TER,Teradyne,7.0,0.1958589848780872,USD,394.2999877929688,1.0,394.2999877929688,2026-10-08,77.22719534657304,70.0,7.22719534657304,10.32456478081863,yfinance,2026-10-08T19:39:08Z
2026-10-08,TSM,TSMC,7.0,0.1719669363096472,USD,455.8399963378906,1.0,455.8399963378906,2026-10-08,78.38940761762787,70.0,8.389407617627867,11.984868025182667,yfinance,2026-10-08T19:39:08Z
2026-10-08,VEEV,Veeva Systems,2.0,0.1251407776463619,USD,284.1700134277344,1.0,284.1700134277344,2026-10-08,35.5612564641238,20.0,15.5612564641238,77.806282320619,yfinance,2026-10-08T19:39:08Z
2026-10-08,VRT,Vertiv,5.0,0.1522672617580549,USD,242.759994506836,1.0,242.759994506836,2026-10-08,36.96439962795636,50.0,-13.03560037204364,-26.07120074408728,yfinance,2026-10-08T19:39:08Z
2026-10-09,000660.KS,SK Hynix,8.0,0.0625538166478737,KRW,1681000.0,0.0007457788887585,1253.6543120030435,2026-10-08,78.42086197285465,80.0,-1.5791380271453477,-1.9739225339316844,yfinance,2026-10-09T19:14:24Z
2026-10-09,AVGO,Broadcom,10.0,0.2417444256507892,USD,362.3734130859375,1.0,362.3734130859375,2026-10-09,87.60175261757615,100.0,-12.398247382423849,-12.398247382423849,yfinance,2026-10-09T19:14:24Z
2026-10-09,CASH,Cash,10.0,100.0,USD,1.0,1.0,1.0,2026-10-09,100.0,100.0,0.0,0.0,cash,2026-10-09T19:14:24Z
2026-10-09,CEG,Constellation Energy,5.0,0.1687260186663456,USD,300.32501220703125,1.0,300.32501220703125,2026-10-09,50.67264361561404,50.0,0.6726436156140423,1.3452872312280846,yfinance,2026-10-09T19:14:24Z
2026-10-09,GOOGL,Alphabet,15.0,0.3891454452478011,USD,351.20001220703125,1.0,351.20001220703125,2026-10-09,136.66788512133837,150.0,-13.332114878661628,-8.888076585774417,yfinance,2026-10-09T19:14:24Z
2026-10-09,MCO,Moody's,2.0,0.0444681598313336,USD,463.8200073242188,1.0,463.8200073242188,2026-10-09,20.62522221866371,20.0,0.6252222186637084,3.126111093318542,yfinance,2026-10-09T19:14:24Z
2026-10-09,MSCI,MSCI,2.0,0.0339052007771873,USD,564.2000122070312,1.0,564.2000122070312,2026-10-09,19.129314692370937,20.0,-0.8706853076290635,-4.353426538145317,yfinance,2026-10-09T19:14:24Z
2026-10-09,MSFT,Microsoft,18.0,0.4293689203419845,USD,535.875,1.0,535.875,2026-10-09,230.08807018826093,180.0,50.08807018826093,27.826705660144963,yfinance,2026-10-09T19:14:24Z
2026-10-09,NVDA,NVIDIA,7.0,0.323166358553396,USD,229.77999877929688,1.0,229.77999877929688,2026-10-09,74.25716547390915,70.0,4.257165473909154,6.081664962727363,yfinance,2026-10-09T19:14:24Z
2026-10-09,SPGI,S&P Global,2.0,0.047848035759865,USD,408.0450134277344,1.0,408.0450134277344,2026-10-09,19.524152394124837,20.0,-0.4758476058751668,-2.379238029375834,yfinance,2026-10-09T19:14:24Z
2026-10-09,TER,Teradyne,7.0,0.1958589848780872,USD,403.8599853515625,1.0,403.8599853515625,2026-10-09,79.0996067638362,70.0,9.099606763836206,12.999438234051723,yfinance,2026-10-09T19:14:24Z
2026-10-09,TSM,TSMC,7.0,0.1719669363096472,USD,452.3200073242188,1.0,452.3200073242188,2026-10-09,77.7840858911031,70.0,7.784085891103103,11.12012270157586,yfinance,2026-10-09T19:14:24Z
2026-10-09,VEEV,Veeva Systems,2.0,0.1251407776463619,USD,295.9849853515625,1.0,295.9849853515625,2026-10-09,37.03979123854159,20.0,17.03979123854159,85.19895619270794,yfinance,2026-10-09T19:14:24Z
2026-10-09,VRT,Vertiv,5.0,0.1522672617580549,USD,243.25,1.0,243.25,2026-10-09,37.03901142264686,50.0,-12.960988577353142,-25.921977154706283,yfinance,2026-10-09T19:14:24Z
2026-10-10,000660.KS,SK Hynix,8.0,0.06255381664787371,KRW,1681000.0,0.0007457677543387124,1253.6355950433756,2026-10-08,78.41969115559138,80.0,-1.58030884440862,-1.975386055510775,yfinance,2026-10-10T18:12:49Z
2026-10-10,AVGO,Broadcom,10.0,0.24174442565078924,USD,361.5400085449219,1.0,361.5400085449219,2026-10-09,87.40028171547357,100.0,-12.599718284526432,-12.599718284526432,yfinance,2026-10-10T18:12:49Z
2026-10-10,CASH,Cash,10.0,100.0,USD,1.0,1.0,1.0,2026-10-10,100.0,100.0,0.0,0.0,cash,2026-10-10T18:12:49Z
2026-10-10,CEG,Constellation Energy,5.0,0.16872601866634565,USD,298.07000732421875,1.0,298.07000732421875,2026-10-09,50.29216561966392,50.0,0.2921656196639191,0.5843312393278381,yfinance,2026-10-10T18:12:49Z
2026-10-10,GOOGL,Alphabet,15.0,0.38914544524780115,USD,351.6600036621094,1.0,351.6600036621094,2026-10-09,136.84688870093493,150.0,-13.153111299065074,-8.768740866043382,yfinance,2026-10-10T18:12:49Z
2026-10-10,MCO,Moody's,2.0,0.04446815983133366,USD,464.2300109863281,1.0,464.2300109863281,2026-10-09,20.64345432704182,20.0,0.6434543270418196,3.217271635209098,yfinance,2026-10-10T18:12:49Z
2026-10-10,MSCI,MSCI,2.0,0.03390520077718733,USD,565.1199951171875,1.0,565.1199951171875,2026-10-09,19.160506897651366,20.0,-0.8394931023486336,-4.197465511743168,yfinance,2026-10-10T18:12:49Z
2026-10-10,MSFT,Microsoft,18.0,0.4293689203419845,USD,535.0700073242188,1.0,535.0700073242188,2026-10-09,229.74243135217753,180.0,49.74243135217753,27.634684084543075,yfinance,2026-10-10T18:12:49Z
2026-10-10,NVDA,NVIDIA,7.0,0.32316635855339604,USD,229.27999877929688,1.0,229.27999877929688,2026-10-09,74.09558229463246,70.0,4.0955822946324645,5.850831849474949,yfinance,2026-10-10T18:12:49Z
2026-10-10,SPGI,S&P Global,2.0,0.04784803575986501,USD,407.82000732421875,1.0,407.82000732421875,2026-10-09,19.513386294037627,20.0,-0.4866137059623732,-2.433068529811866,yfinance,2026-10-10T18:12:49Z
2026-10-10,TER,Teradyne,7.0,0.19585898487808723,USD,402.67999267578125,1.0,402.67999267578125,2026-10-09,78.86849459619411,70.0,8.868494596194111,12.669277994563016,yfinance,2026-10-10T18:12:49Z
2026-10-10,TSM,TSMC,7.0,0.17196693630964724,USD,453.30999755859375,1.0,453.30999755859375,2026-10-09,77.95433147868503,70.0,7.9543314786850345,11.363330683835764,yfinance,2026-10-10T18:12:49Z
2026-10-10,VEEV,Veeva Systems,2.0,0.12514077764636197,USD,296.1300048828125,1.0,296.1300048828125,2026-10-09,37.05793909545613,20.0,17.057939095456128,85.28969547728063,yfinance,2026-10-10T18:12:49Z
2026-10-10,VRT,Vertiv,5.0,0.1522672617580549,USD,242.77999877929688,1.0,242.77999877929688,2026-10-09,36.96744562374745,50.0,-13.032554376252548,-26.065108752505097,yfinance,2026-10-10T18:12:49Z
